nodenumber     x-coordinate     y-coordinate pressure-coefficient skin-friction-coef 
         1 -2.714446783E-01 -8.450306207E-02 -1.642133079E-01  1.695875690E-01 
         2 -2.586256266E-01 -8.443333209E-02 -1.738601761E-01  1.622555861E-01 
         3 -2.840146124E-01 -8.441949636E-02 -1.530430976E-01  1.774422441E-01 
         4 -2.455694675E-01 -8.422031999E-02 -1.821389301E-01  1.554503084E-01 
         5 -2.963235974E-01 -8.417316526E-02 -1.401392592E-01  1.858135040E-01 
         6 -2.322884947E-01 -8.387418836E-02 -1.892832154E-01  1.491669608E-01 
         7 -3.083600998E-01 -8.375520259E-02 -1.252033159E-01  1.946791328E-01 
         8 -2.187952399E-01 -8.340512216E-02 -1.954734154E-01  1.433895019E-01 
         9 -3.201129436E-01 -8.315779269E-02 -1.080013129E-01  2.040008466E-01 
        10 -2.051024437E-01 -8.282301575E-02 -2.008683268E-01  1.380960015E-01 
        11 -3.315711021E-01 -8.237424493E-02 -8.828437408E-02  2.137271935E-01 
        12 -1.912230253E-01 -8.213731647E-02 -2.056096468E-01  1.332604783E-01 
        13 -3.427239954E-01 -8.139922470E-02 -6.580577014E-02  2.237898431E-01 
        14 -1.771701276E-01 -8.135688305E-02 -2.098197187E-01  1.288536102E-01 
        15 -1.629570127E-01 -8.048969507E-02 -2.136035190E-01  1.248425239E-01 
        16 -3.535613120E-01 -8.022900671E-02 -4.032659393E-02  2.341061062E-01 
        17 -1.485971659E-01 -7.954302430E-02 -2.170498276E-01  1.211948002E-01 
        18 -3.640724421E-01 -7.886158675E-02 -1.163417005E-02  2.445745040E-01 
        19 -1.341041476E-01 -7.852316648E-02 -2.202324358E-01  1.178778042E-01 
        20 -1.194916666E-01 -7.743547857E-02 -2.232119263E-01  1.148569999E-01 
        21 -3.742481470E-01 -7.729656994E-02  2.046583470E-02  2.550791681E-01 
        22 -1.047735587E-01 -7.628437877E-02 -2.260353100E-01  1.120993891E-01 
        23 -3.840791285E-01 -7.553547621E-02  5.613961022E-02  2.654917145E-01 
        24 -8.996371925E-02 -7.507358491E-02 -2.287387293E-01  1.095742425E-01 
        25 -7.507614046E-02 -7.380591333E-02 -2.313486150E-01  1.072516899E-01 
        26 -3.935564756E-01 -7.358161360E-02  9.550758124E-02  2.756686439E-01 
        27 -6.012484059E-02 -7.248370349E-02 -2.338829610E-01  1.051042105E-01 
        28 -4.026716352E-01 -7.143998891E-02  1.386501396E-01  2.854514973E-01 
        29 -4.512390867E-02 -7.110867649E-02 -2.363523585E-01  1.031058718E-01 
        30 -3.008742630E-02 -6.968231499E-02 -2.387612608E-01  1.012338141E-01 
        31 -4.114164710E-01 -6.911728531E-02  1.855985983E-01  2.946679205E-01 
        32 -1.502949465E-02 -6.820597500E-02 -2.411099668E-01  9.946893010E-02 
        33  3.580834164E-05 -6.668096781E-02 -2.433958118E-01  9.779418566E-02 
        34 -4.197832644E-01 -6.662164629E-02  2.363351754E-01  3.031342947E-01 
        35  1.509429049E-02 -6.510882825E-02 -2.456136450E-01  9.619598652E-02 
        36 -4.277647436E-01 -6.396262348E-02  2.907957116E-01  3.106487685E-01 
        37  3.013208508E-02 -6.349134445E-02 -2.477572263E-01  9.466368011E-02 
        38  4.513527080E-02 -6.183073670E-02 -2.498202325E-01  9.318959569E-02 
        39 -4.353540540E-01 -6.115071476E-02  3.488573229E-01  3.169824789E-01 
        40  6.009000912E-02 -6.012979522E-02 -2.517974290E-01  9.176966185E-02 
        41  7.498254627E-02 -5.839186162E-02 -2.536856464E-01  9.040186489E-02 
        42 -4.425447881E-01 -5.819742382E-02  4.103466420E-01  3.218776053E-01 
        43  8.979925513E-02 -5.662088469E-02 -2.554833797E-01  8.908641765E-02 
        44 -4.493310452E-01 -5.511478335E-02  4.750212866E-01  3.250360489E-01 
        45  1.045266315E-01 -5.482148752E-02 -2.571917327E-01  8.782631285E-02 
        46  1.191513166E-01 -5.299882963E-02 -2.588147514E-01  8.662562716E-02 
        47 -4.557074606E-01 -5.191517994E-02  5.426450567E-01  3.260822437E-01 
        48  1.336601228E-01 -5.115858465E-02 -2.603589342E-01  8.548943498E-02 
        49  1.480400264E-01 -4.930688813E-02 -2.618335375E-01  8.442433036E-02 
        50 -4.616691172E-01 -4.861110076E-02  6.128874084E-01  3.245189928E-01 
        51  1.622782052E-01 -4.745016992E-02 -2.632502688E-01  8.343696020E-02 
        52  1.763620377E-01 -4.559499770E-02 -2.646227146E-01  8.253368460E-02 
        53 -4.672116637E-01 -4.521478340E-02  6.851769265E-01  3.197446714E-01 
        54  1.902790964E-01 -4.374802113E-02 -2.659660274E-01  8.172111521E-02 
        55  2.040172368E-01 -4.191571474E-02 -2.672965609E-01  8.100496455E-02 
        56 -4.723313749E-01 -4.173796996E-02  7.588265867E-01  3.110543745E-01 
        57  2.175645083E-01 -4.010426626E-02 -2.686311572E-01  8.038988942E-02 
        58  2.309092581E-01 -3.831944615E-02 -2.699867327E-01  7.987969440E-02 
        59 -4.770250618E-01 -3.819160908E-02  8.329968827E-01  2.975868011E-01 
        60  2.440401018E-01 -3.656642139E-02 -2.713798133E-01  7.947678828E-02 
        61  2.569459379E-01 -3.484969586E-02 -2.728260499E-01  7.918224942E-02 
        62 -4.812902212E-01 -3.458561376E-02  9.065612927E-01  2.783052142E-01 
        63  2.696159482E-01 -3.317296505E-02 -2.743398348E-01  7.899569166E-02 
        64  2.820396721E-01 -3.153907880E-02 -2.759338439E-01  7.891502877E-02 
        65 -4.851250350E-01 -3.092832677E-02  9.780030280E-01  2.520132419E-01 
        66  2.942069471E-01 -2.994997427E-02 -2.776187691E-01  7.893668961E-02 
        67  3.061079085E-01 -2.840673178E-02 -2.794030400E-01  7.905564145E-02 
        68 -4.885282218E-01 -2.722616680E-02  1.045262542E+00  2.174213601E-01 
        69  3.177331090E-01 -2.690950781E-02 -2.812924417E-01  7.926515130E-02 
        70  3.290735483E-01 -2.545766346E-02 -2.832900685E-01  7.955719577E-02 
        71  3.401204944E-01 -2.404982410E-02 -2.853962260E-01  7.992247356E-02 
        72 -4.914990962E-01 -2.348274738E-02  1.105554715E+00  1.733122491E-01 
        73  3.508657217E-01 -2.268397994E-02 -2.876082818E-01  8.035041503E-02 
        74  3.613013029E-01 -2.135764062E-02 -2.899206067E-01  8.082953737E-02 
        75  3.714197874E-01 -2.006796002E-02 -2.923246545E-01  8.134763843E-02 
        76 -4.940368831E-01 -1.969818585E-02  1.155258936E+00  1.188456536E-01 
        77  3.812142015E-01 -1.881190017E-02 -2.948091267E-01  8.189231130E-02 
        78  3.906779587E-01 -1.758640446E-02 -2.973601608E-01  8.245107489E-02 
        79  3.998049796E-01 -1.638851874E-02 -2.999614266E-01  8.301164599E-02 
        80 -4.961396158E-01 -1.586818881E-02  1.189900587E+00  5.455899388E-02 
        81  4.085896015E-01 -1.521559618E-02 -3.025943086E-01  8.356302042E-02 
        82  4.170267582E-01 -1.406539697E-02 -3.052384115E-01  8.409601352E-02 
        83  4.251117706E-01 -1.293621957E-02 -3.078715285E-01  8.460351728E-02 
        84 -4.978021979E-01 -1.198385563E-02  1.207130362E+00  3.802393256E-02 
        85  4.328405559E-01 -1.182698552E-02 -3.104697369E-01  8.508229508E-02 
        86  4.402094483E-01 -1.073736511E-02 -3.130075957E-01  8.553447597E-02 
        87  4.472154081E-01 -9.667727165E-03 -3.154583412E-01  8.596964253E-02 
        88  4.538559020E-01 -8.619260043E-03 -3.177942043E-01  8.640827508E-02 
        89 -4.990133345E-01 -8.034493774E-03  1.198866602E+00  9.405378355E-02 
        90  4.601289034E-01 -7.593852934E-03 -3.199870384E-01  8.688640692E-02 
        91  4.660329819E-01 -6.594155915E-03 -3.220101760E-01  8.746438000E-02 
        92  4.715673029E-01 -5.623432342E-03 -3.238418554E-01  8.823891889E-02 
        93  4.767314792E-01 -4.685505759E-03 -3.254675888E-01  8.936443414E-02 
        94 -4.997532666E-01 -4.019276705E-03  1.151099691E+00  1.648140333E-01 
        95  4.815258086E-01 -3.784658387E-03 -3.268728941E-01  9.109606622E-02 
        96  4.859511554E-01 -2.925437875E-03 -3.280402028E-01  9.395194172E-02 
        97  4.900089204E-01 -2.112640534E-03 -3.293381600E-01  9.950944483E-02 
        98  4.937011302E-01 -1.351062092E-03 -3.340878221E-01  1.128250691E-01 
        99  4.970304072E-01 -6.453674869E-04 -3.610310877E-01  1.536607095E-01 
       100 -5.000000000E-01  0.000000000E+00  1.087490920E+00  2.153688428E-01 
       101  5.000000000E-01  0.000000000E+00 -4.101922705E-01  1.585086372E-01 
       102  4.970304668E-01  1.300077303E-03 -3.962178354E-01  9.891926411E-02 
       103  4.937012494E-01  2.761067590E-03 -3.382530759E-01  5.139732268E-02 
       104  4.900090992E-01  4.384431988E-03 -3.246185349E-01  3.580458116E-02 
       105  4.859513938E-01  6.170924753E-03 -3.174019567E-01  2.608738144E-02 
       106 -4.997532666E-01  7.327361964E-03  9.851420937E-01  2.810111898E-01 
       107  4.815261662E-01  8.120469749E-03 -3.130874529E-01  1.937676829E-02 
       108  4.767318964E-01  1.023187768E-02 -3.102072191E-01  1.416786423E-02 
       109  4.715678096E-01  1.250293851E-02 -3.083286642E-01  9.912859335E-03 
       110 -4.990133643E-01  1.461841445E-02  8.755149250E-01  3.404618337E-01 
       111  4.660336077E-01  1.493023150E-02 -3.072015725E-01  6.339254358E-03 
       112  4.601296484E-01  1.750904135E-02 -3.066777312E-01  3.281308552E-03 
       113  4.538567364E-01  2.023345977E-02 -3.066454191E-01  1.245986570E-03 
       114 -4.978022575E-01  2.173520066E-02  7.521944780E-01  3.922746684E-01 
       115  4.472163916E-01  2.309621312E-02 -3.070425879E-01  1.678776783E-03 
       116  4.402105510E-01  2.608888224E-02 -3.078322592E-01  3.697190335E-03 
       117 -4.961394370E-01  2.865888923E-02  6.200597051E-01  4.363431582E-01 
       118  4.328417778E-01  2.920186892E-02 -3.089669939E-01  5.450495891E-03 
       119  4.251131713E-01  3.242447227E-02 -3.104000625E-01  6.960251368E-03 
       120 -4.940359890E-01  3.539163247E-02  4.814928965E-01  4.729186360E-01 
       121  4.170282781E-01  3.574521467E-02 -3.120906087E-01  8.246937893E-03 
       122  4.085913002E-01  3.915185854E-02 -3.140158161E-01  9.326663867E-03 
       123 -4.914970994E-01  4.193532094E-02  3.393393742E-01  5.016401999E-01 
       124  3.998067975E-01  4.263167456E-02 -3.161403649E-01  1.021208760E-02 
       125  3.906799555E-01  4.617173225E-02 -3.184354593E-01  1.091770477E-02 
       126 -4.885247946E-01  4.828790575E-02  1.965465031E-01  5.220779579E-01 
       127  3.812163770E-01  4.975907877E-02 -3.208762048E-01  1.145827622E-02 
       128  3.714221418E-01  5.338106677E-02 -3.234364917E-01  1.185018857E-02 
       129 -4.851200283E-01  5.444391072E-02  5.619166314E-02  5.339372375E-01 
       130  3.613038361E-01  5.702555180E-02 -3.260990289E-01  1.211152136E-02 
       131 -4.812836945E-01  6.039649993E-02 -7.870741828E-02  5.372020756E-01 
       132  3.508684337E-01  6.068107858E-02 -3.288488899E-01  1.226132271E-02 
       133  3.401234150E-01  6.433729827E-02 -3.316832206E-01  1.231877074E-02 
       134 -4.770171046E-01  6.613940001E-02 -2.053349399E-01  5.322023965E-01 
       135  3.290766776E-01  6.798493862E-02 -3.346031019E-01  1.230087862E-02 
       136  3.177364469E-01  7.161603868E-02 -3.376139768E-01  1.222277050E-02 
       137 -4.723221362E-01  7.166799158E-02 -3.211276384E-01  5.196814951E-01 
       138  3.061114550E-01  7.522408664E-02 -3.407262700E-01  1.209742714E-02 
       139 -4.672012925E-01  7.698018849E-02 -4.241683401E-01  5.008043987E-01 
       140  2.942107320E-01  7.880401611E-02 -3.439502656E-01  1.193595499E-02 
       141 -4.616577625E-01  8.207648247E-02 -5.134252969E-01  4.770108573E-01 
       142  2.820436656E-01  8.235216141E-02 -3.473019576E-01  1.174791561E-02 
       143  2.696201801E-01  8.586625755E-02 -3.508011698E-01  1.154032123E-02 
       144 -4.556952715E-01  8.696033061E-02 -5.886796702E-01  4.498277198E-01 
       145  2.569503784E-01  8.934522420E-02 -3.544717534E-01  1.131657670E-02 
       146 -4.493182003E-01  9.163760394E-02 -6.504097589E-01  4.207155504E-01 
       147  2.440447956E-01  9.278909117E-02 -3.583335359E-01  1.107716809E-02 
       148 -4.425313771E-01  9.611660987E-02 -6.996171374E-01  3.909556057E-01 
       149  2.309141904E-01  9.619865566E-02 -3.624058344E-01  1.082146987E-02 
       150  2.175696790E-01  9.957529604E-02 -3.667140716E-01  1.054678035E-02 
       151 -4.353401959E-01  1.004073024E-01 -7.376313376E-01  3.615875815E-01 
       152  2.040226460E-01  1.029205993E-01 -3.712818645E-01  1.024746841E-02 
       153 -4.277505577E-01  1.045209616E-01 -7.659453936E-01  3.333811016E-01 
       154  1.902847588E-01  1.062360853E-01 -3.761279633E-01  9.916926217E-03 
       155 -4.197688401E-01  1.084693521E-01 -7.860714280E-01  3.068536390E-01 
       156  1.763679385E-01  1.095227450E-01 -3.812765329E-01  9.547706129E-03 
       157 -4.114018679E-01  1.122645959E-01 -7.994467425E-01  2.823085703E-01 
       158  1.622843742E-01  1.127808839E-01 -3.867535109E-01  9.129922758E-03 
       159 -4.026569426E-01  1.159180030E-01 -8.073745668E-01  2.598566843E-01 
       160  1.480464488E-01  1.160096973E-01 -3.925781209E-01  8.652703746E-03 
       161  1.336667985E-01  1.192069352E-01 -3.987766107E-01  8.104422360E-03 
       162 -3.935417831E-01  1.194400042E-01 -8.109316480E-01  2.395212267E-01 
       163  1.191582531E-01  1.223688126E-01 -4.053766379E-01  7.470832203E-03 
       164 -3.840644658E-01  1.228392422E-01 -8.110580985E-01  2.212101302E-01 
       165  1.045338213E-01  1.254896522E-01 -4.124007886E-01  6.736210546E-03 
       166 -3.742335737E-01  1.261225641E-01 -8.085592710E-01  2.047201001E-01 
       167  8.980670571E-02  1.285618544E-01 -4.198783138E-01  5.883130663E-03 
       168 -3.640580177E-01  1.292941570E-01 -8.040215127E-01  1.898753780E-01 
       169  7.499026507E-02  1.315758377E-01 -4.278354709E-01  4.891473633E-03 
       170 -3.535470665E-01  1.323559135E-01 -7.979209819E-01  1.764847809E-01 
       171  6.009799615E-02  1.345200837E-01 -4.362976188E-01  3.739250928E-03 
       172 -3.427099586E-01  1.353067905E-01 -7.906188689E-01  1.643341450E-01 
       173  4.514352977E-02  1.373811662E-01 -4.452931738E-01  2.402394436E-03 
       174 -3.315572143E-01  1.381429136E-01 -7.823643412E-01  1.532269453E-01 
       175  3.014061600E-02  1.401440203E-01 -4.548393570E-01  8.536886723E-04 
       176 -3.200992048E-01  1.408577710E-01 -7.733361061E-01  1.429825617E-01 
       177  1.510309801E-02  1.427921355E-01 -4.649536903E-01  9.587460446E-04 
       178 -3.083465099E-01  1.434423625E-01 -7.636578199E-01  1.334367873E-01 
       179  4.489277853E-05  1.453078985E-01 -4.756527744E-01  2.994533588E-03 
       180 -2.963101566E-01  1.458855271E-01 -7.534049072E-01  1.244464984E-01 
       181 -1.502013020E-02  1.476730704E-01 -4.869412063E-01  5.348252337E-03 
       182 -2.840012908E-01  1.481741667E-01 -7.426185501E-01  1.158908977E-01 
       183 -3.007778712E-02  1.498690844E-01 -4.988162985E-01  8.028020169E-03 
       184 -2.714315355E-01  1.502939910E-01 -7.313192465E-01  1.076744739E-01 
       185 -4.511399940E-02  1.518774629E-01 -5.112530421E-01  1.106324164E-02 
       186 -2.586126029E-01  1.522296369E-01 -7.195157603E-01  9.972300563E-02 
       187 -6.011467054E-02  1.536804736E-01 -5.242137685E-01  1.447745531E-02 
       188 -2.455565929E-01  1.539655030E-01 -7.072139058E-01  9.198559171E-02 
       189 -7.506570965E-02  1.552616358E-01 -5.376614165E-01  1.828987755E-02 
       190 -2.322757840E-01  1.554862410E-01 -6.944244402E-01  8.443390258E-02 
       191 -8.995304257E-02  1.566058248E-01 -5.515400933E-01  2.251462060E-02 
       192 -2.187826931E-01  1.567772031E-01 -6.811659639E-01  7.705803805E-02 
       193 -1.047626361E-01  1.577001065E-01 -5.657771873E-01  2.715626849E-02 
       194 -2.050900757E-01  1.578251123E-01 -6.674729219E-01  6.986689548E-02 
       195 -1.194805130E-01  1.585337520E-01 -5.802883490E-01  3.220937879E-02 
       196 -1.912108362E-01  1.586184800E-01 -6.534022829E-01  6.288169769E-02 
       197 -1.340927631E-01  1.590989828E-01 -5.949826803E-01  3.766032874E-02 
       198 -1.771581173E-01  1.591478586E-01 -6.390185394E-01  5.613225726E-02 
       199 -1.485855579E-01  1.593905836E-01 -6.097356124E-01  4.348599742E-02 
       200 -1.629452109E-01  1.594065428E-01 -6.244313809E-01  4.965491628E-02 
