nodenumber     x-coordinate     y-coordinate pressure-coefficient skin-friction-coef 
         1 -1.629570127E-01 -5.909392610E-02 -1.315778870E-01  9.208973925E-02 
         2 -1.485971659E-01 -5.907852575E-02 -1.419502348E-01  8.918419645E-02 
         3 -1.771701276E-01 -5.895803869E-02 -1.200035640E-01  9.491016189E-02 
         4 -1.341041476E-01 -5.890794843E-02 -1.510959228E-01  8.620561170E-02 
         5 -1.912230253E-01 -5.867602676E-02 -1.072616138E-01  9.763783972E-02 
         6 -1.194916666E-01 -5.857966840E-02 -1.590164131E-01  8.316839852E-02 
         7 -2.051024437E-01 -5.825423449E-02 -9.339084976E-02  1.002699368E-01 
         8 -1.047735587E-01 -5.809257179E-02 -1.657258643E-01  8.008992468E-02 
         9 -2.187952399E-01 -5.769997835E-02 -7.844804227E-02  1.028085918E-01 
        10 -8.996371925E-02 -5.744716525E-02 -1.712529209E-01  7.699045436E-02 
        11 -2.322884947E-01 -5.702143162E-02 -6.249460132E-02  1.052614905E-01 
        12 -7.507614046E-02 -5.664531887E-02 -1.756409635E-01  7.389092402E-02 
        13 -2.455694675E-01 -5.622740835E-02 -4.559422967E-02  1.076405697E-01 
        14 -6.012484059E-02 -5.569051951E-02 -1.789470784E-01  7.081285982E-02 
        15 -2.586256266E-01 -5.532718450E-02 -2.781277518E-02  1.099621093E-01 
        16 -4.512390867E-02 -5.458761379E-02 -1.812416061E-01  6.777665740E-02 
        17 -2.714446783E-01 -5.433033034E-02 -9.214823856E-03  1.122471685E-01 
        18 -3.008742630E-02 -5.334290117E-02 -1.826044498E-01  6.479841547E-02 
        19 -2.840146124E-01 -5.324643850E-02  1.014267561E-02  1.145209968E-01 
        20 -2.963235974E-01 -5.208503455E-02  3.021293750E-02  1.168125502E-01 
        21 -1.502949465E-02 -5.196399987E-02 -1.831082648E-01  6.190719444E-02 
        22 -3.083600998E-01 -5.085529014E-02  5.096123378E-02  1.191538295E-01 
        23  3.580834164E-05 -5.045967549E-02 -1.828387017E-01  5.911919906E-02 
        24 -3.201129436E-01 -4.956594110E-02  7.236878824E-02  1.215800075E-01 
        25  1.509429049E-02 -4.883981124E-02 -1.818967214E-01  5.643780515E-02 
        26 -3.315711021E-01 -4.822509363E-02  9.443554596E-02  1.241281326E-01 
        27  3.013208508E-02 -4.711515456E-02 -1.803726270E-01  5.388074532E-02 
        28 -3.427239954E-01 -4.684009403E-02  1.171817703E-01  1.268368521E-01 
        29 -3.535613120E-01 -4.541748017E-02  1.406527975E-01  1.297461417E-01 
        30  4.513527080E-02 -4.529724643E-02 -1.783520387E-01  5.145993294E-02 
        31 -3.640724421E-01 -4.396294057E-02  1.649121378E-01  1.328955372E-01 
        32  6.009000912E-02 -4.339826480E-02 -1.759184878E-01  4.918228984E-02 
        33 -3.742481470E-01 -4.248105735E-02  1.900554659E-01  1.363245059E-01 
        34  7.498254627E-02 -4.143080860E-02 -1.731525356E-01  4.705292474E-02 
        35 -3.840791285E-01 -4.097553343E-02  2.162056213E-01  1.400717382E-01 
        36 -3.935564756E-01 -3.944911435E-02  2.435144360E-01  1.441729003E-01 
        37  8.979925513E-02 -3.940777481E-02 -1.701292669E-01  4.507488076E-02 
        38 -4.026716352E-01 -3.790362179E-02  2.721624052E-01  1.486600782E-01 
        39  1.045266315E-01 -3.734221309E-02 -1.669176345E-01  4.324955160E-02 
        40 -4.114164710E-01 -3.634007275E-02  3.023754810E-01  1.535570022E-01 
        41  1.191513166E-01 -3.524713591E-02 -1.635798621E-01  4.157667007E-02 
        42 -4.197832644E-01 -3.475871310E-02  3.343992964E-01  1.588771188E-01 
        43 -4.277647436E-01 -3.315922245E-02  3.685143525E-01  1.646247986E-01 
        44  1.336601228E-01 -3.313538060E-02 -1.601722578E-01  4.005461462E-02 
        45 -4.353540540E-01 -3.154071048E-02  4.050571597E-01  1.707816748E-01 
        46  1.480400264E-01 -3.101952001E-02 -1.567449544E-01  3.868084895E-02 
        47 -4.425447881E-01 -2.990199439E-02  4.443559288E-01  1.773105463E-01 
        48  1.622782052E-01 -2.891170979E-02 -1.533419067E-01  3.745198539E-02 
        49 -4.493310452E-01 -2.824163437E-02  4.868603932E-01  1.841309664E-01 
        50  1.763620377E-01 -2.682355978E-02 -1.500016635E-01  3.636390585E-02 
        51 -4.557074606E-01 -2.655811980E-02  5.330365147E-01  1.910771640E-01 
        52 -4.616691172E-01 -2.485000528E-02  5.834030553E-01  1.978571223E-01 
        53  1.902790964E-01 -2.476610243E-02 -1.467576730E-01  3.541226188E-02 
        54 -4.672116637E-01 -2.311599813E-02  6.384256096E-01  2.039921736E-01 
        55  2.040172368E-01 -2.274967171E-02 -1.436386822E-01  3.459247164E-02 
        56 -4.723313749E-01 -2.135504037E-02  6.984329770E-01  2.087757597E-01 
        57  2.175645083E-01 -2.078382671E-02 -1.406694045E-01  3.389981364E-02 
        58 -4.770250618E-01 -1.956637762E-02  7.636872923E-01  2.111627925E-01 
        59  2.309092581E-01 -1.887735724E-02 -1.378708072E-01  3.332969175E-02 
        60 -4.812902212E-01 -1.774957776E-02  8.343624866E-01  2.094963254E-01 
        61  2.440401018E-01 -1.703816466E-02 -1.352606886E-01  3.287761809E-02 
        62 -4.851250350E-01 -1.590437442E-02  9.101052260E-01  2.011628520E-01 
        63  2.569459379E-01 -1.527332701E-02 -1.328540950E-01  3.253944766E-02 
        64 -4.885282218E-01 -1.403056458E-02  9.896870517E-01  1.821582763E-01 
        65  2.696159482E-01 -1.358901244E-02 -1.306637356E-01  3.231130359E-02 
        66 -4.914990962E-01 -1.212756336E-02  1.070396810E+00  1.462184396E-01 
        67  2.820396721E-01 -1.199048385E-02 -1.287002307E-01  3.218948484E-02 
        68  2.942069471E-01 -1.048211940E-02 -1.269724427E-01  3.217080876E-02 
        69 -4.940368831E-01 -1.019401662E-02  1.144448644E+00  8.502761682E-02 
        70  3.061079085E-01 -9.067445993E-03 -1.254878798E-01  3.225246111E-02 
        71 -4.961396158E-01 -8.227260783E-03  1.196153576E+00  5.642760710E-02 
        72  3.177331090E-01 -7.749062032E-03 -1.242527325E-01  3.243177419E-02 
        73  3.290735483E-01 -6.528751925E-03 -1.232719798E-01  3.270637238E-02 
        74 -4.978021979E-01 -6.223119795E-03  1.208607731E+00  1.472300522E-01 
        75  3.401204944E-01 -5.407461897E-03 -1.225476047E-01  3.307469117E-02 
        76  3.508657217E-01 -4.385339096E-03 -1.220798510E-01  3.353928076E-02 
        77 -4.990133345E-01 -4.177274648E-03  1.148194177E+00  3.362056348E-01 
        78  3.613013029E-01 -3.461772576E-03 -1.218803346E-01  3.409350541E-02 
        79  3.714197874E-01 -2.635415643E-03 -1.219503052E-01  3.473478327E-02 
        80 -4.997532666E-01 -2.091280883E-03  9.783508532E-01  5.522698697E-01 
        81  3.812142015E-01 -1.904224046E-03 -1.222815517E-01  3.547023564E-02 
        82  3.906779587E-01 -1.265510917E-03 -1.228759997E-01  3.629826934E-02 
        83  3.998049796E-01 -7.159691304E-04 -1.237339964E-01  3.721761568E-02 
        84  4.085896015E-01 -2.517402172E-04 -1.248535380E-01  3.822990133E-02 
        85 -5.000000000E-01  0.000000000E+00  6.921955809E-01  7.424965107E-01 
        86  5.000000000E-01  0.000000000E+00 -2.227972002E-01  1.086907469E-01 
        87  4.170267582E-01  1.315474510E-04 -1.262312284E-01  3.933696751E-02 
        88  4.970304072E-01  1.466173853E-04 -1.819550204E-01  1.111812170E-01 
        89  4.937011302E-01  2.967859036E-04 -1.578964049E-01  7.719337779E-02 
        90  4.251117706E-01  4.387218505E-04 -1.278626131E-01  4.054121634E-02 
        91  4.900089204E-01  4.460579948E-04 -1.542752778E-01  6.542579764E-02 
        92  4.859511554E-01  5.895621143E-04 -1.541231061E-01  6.037892511E-02 
        93  4.970304668E-01  6.174161099E-04 -2.208798165E-01  5.725693502E-02 
        94  4.328405559E-01  6.750123575E-04 -1.297420693E-01  4.184590420E-02 
        95  4.815258086E-01  7.220401894E-04 -1.516503187E-01  5.722259637E-02 
        96  4.767314792E-01  8.379027713E-04 -1.486127280E-01  5.455779914E-02 
        97  4.402094483E-01  8.459798992E-04 -1.318629642E-01  4.325544752E-02 
        98  4.715673029E-01  9.313020855E-04 -1.454664781E-01  5.220506436E-02 
        99  4.472154081E-01  9.574685246E-04 -1.342194427E-01  4.477544552E-02 
       100  4.660329819E-01  9.961798787E-04 -1.424205380E-01  5.008925472E-02 
       101  4.538559020E-01  1.015525311E-03 -1.368100024E-01  4.640798422E-02 
       102  4.601289034E-01  1.026341692E-03 -1.395522940E-01  4.816826077E-02 
       103  4.937012494E-01  1.304440084E-03 -1.890775914E-01  2.260746122E-02 
       104 -4.997532666E-01  1.973873936E-03  3.485749297E-01  8.491678649E-01 
       105  4.900090992E-01  2.060093451E-03 -1.844199132E-01  1.209088624E-02 
       106  4.859513938E-01  2.883187495E-03 -1.835602489E-01  6.648151673E-03 
       107  4.815261662E-01  3.772344673E-03 -1.839248436E-01  3.402427255E-03 
       108 -4.990133643E-01  3.946557175E-03  2.269307024E-03  8.597856764E-01 
       109  4.767318964E-01  4.725947045E-03 -1.848477256E-01  1.229514307E-03 
       110  4.715678096E-01  5.742248613E-03 -1.860929384E-01  6.047700369E-04 
       111 -4.978022575E-01  5.888697691E-03 -2.843478904E-01  7.964890940E-01 
       112  4.660336077E-01  6.819352508E-03 -1.875590060E-01  1.328289071E-03 
       113 -4.961394370E-01  7.801936474E-03 -4.923444022E-01  6.994094495E-01 
       114  4.601296484E-01  7.955212146E-03 -1.892639831E-01  2.046607644E-03 
       115  4.538567364E-01  9.147719480E-03 -1.911153662E-01  2.507197414E-03 
       116 -4.940359890E-01  9.692715481E-03 -6.288856932E-01  5.988164369E-01 
       117  4.472163916E-01  1.039462723E-02 -1.930573402E-01  2.778368444E-03 
       118 -4.914970994E-01  1.156666502E-02 -7.119559005E-01  5.094787820E-01 
       119  4.402105510E-01  1.169365365E-02 -1.951055209E-01  2.907373836E-03 
       120  4.328417778E-01  1.304241829E-02 -1.972425136E-01  2.919750852E-03 
       121 -4.885247946E-01  1.342757419E-02 -7.603836546E-01  4.351951405E-01 
       122  4.251131713E-01  1.443843823E-02 -1.994073754E-01  2.851309295E-03 
       123 -4.851200283E-01  1.527742948E-02 -7.868091744E-01  3.747053654E-01 
       124  4.170282781E-01  1.587919891E-02 -2.016369128E-01  2.737258804E-03 
       125 -4.812836945E-01  1.711686328E-02 -7.991935154E-01  3.255585747E-01 
       126  4.085913002E-01  1.736205816E-02 -2.039632298E-01  2.588232535E-03 
       127  3.998067975E-01  1.888426207E-02 -2.063845036E-01  2.410073056E-03 
       128 -4.770171046E-01  1.894561574E-02 -8.024218021E-01  2.853590231E-01 
       129  3.906799555E-01  2.044295520E-02 -2.089185056E-01  2.209859263E-03 
       130 -4.723221362E-01  2.076279186E-02 -7.995851695E-01  2.522325281E-01 
       131  3.812163770E-01  2.203512006E-02 -2.115765491E-01  1.991011317E-03 
       132 -4.672012925E-01  2.256709896E-02 -7.927091734E-01  2.247129688E-01 
       133  3.714221418E-01  2.365758270E-02 -2.143719871E-01  1.754756350E-03 
       134 -4.616577625E-01  2.435692959E-02 -7.831590830E-01  2.016419283E-01 
       135  3.613038361E-01  2.530696988E-02 -2.173122722E-01  1.500786839E-03 
       136 -4.556952715E-01  2.613052167E-02 -7.718511671E-01  1.821309762E-01 
       137  3.508684337E-01  2.697965875E-02 -2.204071903E-01  1.228614902E-03 
       138 -4.493182003E-01  2.788595110E-02 -7.594144626E-01  1.654883516E-01 
       139  3.401234150E-01  2.867184579E-02 -2.236691941E-01  9.357819013E-04 
       140 -4.425313771E-01  2.962127142E-02 -7.462808877E-01  1.511783071E-01 
       141  3.290766776E-01  3.037941642E-02 -2.271083528E-01  6.198017218E-04 
       142 -4.353401959E-01  3.133445978E-02 -7.327576738E-01  1.387819612E-01 
       143  3.177364469E-01  3.209800273E-02 -2.307221395E-01  2.784985079E-04 
       144 -4.277505577E-01  3.302348778E-02 -7.190606698E-01  1.279668068E-01 
       145  3.061114550E-01  3.382295743E-02 -2.345210513E-01  1.911373639E-04 
       146 -4.197688401E-01  3.468631208E-02 -7.053398626E-01  1.184683085E-01 
       147  2.942107320E-01  3.554935008E-02 -2.385179683E-01  4.909220575E-04 
       148 -4.114018679E-01  3.632099554E-02 -6.917014419E-01  1.100749088E-01 
       149  2.820436656E-01  3.727196157E-02 -2.427124661E-01  9.254390562E-04 
       150 -4.026569426E-01  3.792556003E-02 -6.782182853E-01  1.026152646E-01 
       151  2.696201801E-01  3.898530453E-02 -2.471118362E-01  1.399217958E-03 
       152 -3.935417831E-01  3.949816525E-02 -6.649405949E-01  9.594978635E-02 
       153  2.569503784E-01  4.068364948E-02 -2.517188965E-01  1.913283438E-03 
       154 -3.840644658E-01  4.103694856E-02 -6.519019725E-01  8.996411967E-02 
       155  2.440447956E-01  4.236104339E-02 -2.565380411E-01  2.469186381E-03 
       156 -3.742335737E-01  4.254020751E-02 -6.391242313E-01  8.456399655E-02 
       157 -3.640580177E-01  4.400617257E-02 -6.266184297E-01  7.967085193E-02 
       158  2.309141904E-01  4.401139170E-02 -2.615723664E-01  3.069507588E-03 
       159 -3.535470665E-01  4.543323815E-02 -6.143927507E-01  7.521916772E-02 
       160  2.175696790E-01  4.562843964E-02 -2.668212184E-01  3.716419872E-03 
       161 -3.427099586E-01  4.681979120E-02 -6.024524592E-01  7.115235738E-02 
       162  2.040226460E-01  4.720588773E-02 -2.722890866E-01  4.412612926E-03 
       163 -3.315572143E-01  4.816414043E-02 -5.907936536E-01  6.742227835E-02 
       164  1.902847588E-01  4.873742163E-02 -2.779686480E-01  5.160269686E-03 
       165 -3.200992048E-01  4.946465790E-02 -5.794091614E-01  6.398839925E-02 
       166  1.763679385E-01  5.021676421E-02 -2.838542233E-01  5.958618946E-03 
       167 -3.083465099E-01  5.071964115E-02 -5.682935778E-01  6.081532372E-02 
       168  1.622843742E-01  5.163779855E-02 -2.899528064E-01  6.808162668E-03 
       169 -2.963101566E-01  5.192736536E-02 -5.574385963E-01  5.787193360E-02 
       170  1.480464488E-01  5.299456790E-02 -2.962568465E-01  7.710634724E-03 
       171 -2.840012908E-01  5.308596045E-02 -5.468339159E-01  5.513078815E-02 
       172 -2.714315355E-01  5.419349670E-02 -5.364682989E-01  5.256785813E-02 
       173  1.336667985E-01  5.428141356E-02 -3.027595209E-01  8.666113658E-03 
       174 -2.586126029E-01  5.524785072E-02 -5.263295316E-01  5.016155578E-02 
       175  1.191582531E-01  5.549300462E-02 -3.094541573E-01  9.674334776E-03 
       176 -2.455565929E-01  5.624677241E-02 -5.164046625E-01  4.789268446E-02 
       177  1.045338213E-01  5.662440881E-02 -3.163306676E-01  1.073452136E-02 
       178 -2.322757840E-01  5.718784779E-02 -5.066802745E-01  4.574417988E-02 
       179  8.980670571E-02  5.767115206E-02 -3.233787345E-01  1.184510262E-02 
       180 -2.187826931E-01  5.806847289E-02 -4.971425273E-01  4.370047945E-02 
       181  7.499026507E-02  5.862928182E-02 -3.305875510E-01  1.300410803E-02 
       182 -2.050900757E-01  5.888589472E-02 -4.877775221E-01  4.174795982E-02 
       183  6.009799615E-02  5.949540809E-02 -3.379457501E-01  1.420916920E-02 
       184 -1.912108362E-01  5.963722616E-02 -4.785714780E-01  3.987436325E-02 
       185  4.514352977E-02  6.026671082E-02 -3.454422280E-01  1.545764972E-02 
       186 -1.771581173E-01  6.031934917E-02 -4.695107130E-01  3.806842260E-02 
       187 -1.629452109E-01  6.092913449E-02 -4.605820732E-01  3.632065974E-02 
       188  3.014061600E-02  6.094101071E-02 -3.530656726E-01  1.674684028E-02 
       189 -1.485855579E-01  6.146335602E-02 -4.517733634E-01  3.462300069E-02 
       190  1.510309801E-02  6.151672080E-02 -3.608043036E-01  1.807376282E-02 
       191 -1.340927631E-01  6.191874295E-02 -4.430733517E-01  3.296826743E-02 
       192  4.489277853E-05  6.199290603E-02 -3.686486669E-01  1.943542374E-02 
       193 -1.194805130E-01  6.229205057E-02 -4.344720294E-01  3.135082062E-02 
       194 -1.502013020E-02  6.236922368E-02 -3.765901449E-01  2.082922994E-02 
       195 -1.047626361E-01  6.258017570E-02 -4.259608498E-01  2.976637932E-02 
       196 -3.007778712E-02  6.264594197E-02 -3.846206437E-01  2.225277302E-02 
       197 -8.995304257E-02  6.278005242E-02 -4.175317721E-01  2.821184000E-02 
       198 -4.511399940E-02  6.282383949E-02 -3.927330610E-01  2.370395546E-02 
       199 -7.506570965E-02  6.288890541E-02 -4.091854181E-01  2.668432955E-02 
       200 -6.011467054E-02  6.290421635E-02 -4.009213959E-01  2.518156457E-02 
