nodenumber     x-coordinate     y-coordinate pressure-coefficient skin-friction-coef 
         1 -3.083600998E-01 -2.385440096E-02 -3.468328879E-01  7.362031186E-04 
         2 -2.963235974E-01 -2.383741364E-02 -3.323380763E-01  1.072545551E-03 
         3 -3.201129436E-01 -2.381870523E-02 -3.622271500E-01  3.488391376E-04 
         4 -2.840146124E-01 -2.377000824E-02 -3.186872160E-01  1.365270908E-03 
         5 -3.315711021E-01 -2.372827381E-02 -3.785595021E-01  2.355894859E-04 
         6 -2.714446783E-01 -2.365466207E-02 -3.058308033E-01  1.626204183E-03 
         7 -3.427239954E-01 -2.358131483E-02 -3.958853476E-01  5.912862294E-04 
         8 -2.586256266E-01 -2.349397540E-02 -2.937429642E-01  1.854326964E-03 
         9 -3.535613120E-01 -2.337634191E-02 -4.142569563E-01  1.152008931E-03 
        10 -2.455694675E-01 -2.329067141E-02 -2.823653215E-01  2.045445438E-03 
        11 -3.640724421E-01 -2.311218716E-02 -4.337301343E-01  1.780322930E-03 
        12 -2.322884947E-01 -2.304752916E-02 -2.716609789E-01  2.206502921E-03 
        13 -3.742481470E-01 -2.278799564E-02 -4.543709242E-01  2.483964324E-03 
        14 -2.187952399E-01 -2.276733145E-02 -2.616043951E-01  2.344459518E-03 
        15 -2.051024437E-01 -2.245284617E-02 -2.521500166E-01  2.459300213E-03 
        16 -3.840791285E-01 -2.240327746E-02 -4.762526836E-01  3.271944540E-03 
        17 -1.912230253E-01 -2.210675925E-02 -2.432609982E-01  2.552153362E-03 
        18 -3.935564756E-01 -2.195790596E-02 -4.994627433E-01  4.155487307E-03 
        19 -1.771701276E-01 -2.173163742E-02 -2.349054313E-01  2.627693402E-03 
        20 -4.026716352E-01 -2.145209350E-02 -5.240974581E-01  5.148734216E-03 
        21 -1.629570127E-01 -2.132989466E-02 -2.270508906E-01  2.687788243E-03 
        22 -1.485971659E-01 -2.090379223E-02 -2.196634324E-01  2.733264278E-03 
        23 -4.114164710E-01 -2.088642120E-02 -5.502733941E-01  6.269716331E-03 
        24 -1.341041476E-01 -2.045535669E-02 -2.127148201E-01  2.766876064E-03 
        25 -4.197832644E-01 -2.026180923E-02 -5.781253913E-01  7.542659279E-03 
        26 -1.194916666E-01 -1.998640224E-02 -2.061784250E-01  2.790556751E-03 
        27 -4.277647436E-01 -1.957954094E-02 -6.078117158E-01  8.999122029E-03 
        28 -1.047735587E-01 -1.949848980E-02 -2.000254009E-01  2.804738985E-03 
        29 -8.996371925E-02 -1.899298653E-02 -1.942346406E-01  2.810917751E-03 
        30 -4.353540540E-01 -1.884116605E-02 -6.395223793E-01  1.068150378E-02 
        31 -7.507614046E-02 -1.847096160E-02 -1.887830155E-01  2.810915901E-03 
        32 -4.425447881E-01 -1.804858632E-02 -6.734778194E-01  1.264678032E-02 
        33 -6.012484059E-02 -1.793331653E-02 -1.836465555E-01  2.804993086E-03 
        34 -4.512390867E-02 -1.738070324E-02 -1.788081591E-01  2.793542405E-03 
        35 -4.493310452E-01 -1.720393822E-02 -7.099393509E-01  1.497105693E-02 
        36 -3.008742630E-02 -1.681362092E-02 -1.742516762E-01  2.778000436E-03 
        37 -4.557074606E-01 -1.630961895E-02 -7.492148703E-01  1.775708475E-02 
        38 -1.502949465E-02 -1.623241976E-02 -1.699581027E-01  2.759406054E-03 
        39  3.580834164E-05 -1.563734189E-02 -1.659072340E-01  2.737335604E-03 
        40 -4.616691172E-01 -1.536824182E-02 -7.916793035E-01  2.115022828E-02 
        41  1.509429049E-02 -1.502856985E-02 -1.620894423E-01  2.711605196E-03 
        42  3.013208508E-02 -1.440625638E-02 -1.584958396E-01  2.683908627E-03 
        43 -4.672116637E-01 -1.438258868E-02 -8.377603956E-01  2.536085632E-02 
        44  4.513527080E-02 -1.377059147E-02 -1.551078779E-01  2.655281622E-03 
        45 -4.723313749E-01 -1.335556339E-02 -8.879447430E-01  3.069451069E-02 
        46  6.009000912E-02 -1.312184706E-02 -1.519102318E-01  2.624719680E-03 
        47  7.498254627E-02 -1.246042550E-02 -1.488969096E-01  2.591740578E-03 
        48 -4.770250618E-01 -1.229014620E-02 -9.427701523E-01  3.761811656E-02 
        49  8.979925513E-02 -1.178689301E-02 -1.460618665E-01  2.557868834E-03 
        50 -4.812902212E-01 -1.118932478E-02 -1.002636378E+00  4.680412724E-02 
        51  1.045266315E-01 -1.110205054E-02 -1.433906472E-01  2.524494888E-03 
        52  1.191513166E-01 -1.040694118E-02 -1.408680397E-01  2.490736941E-03 
        53 -4.851250350E-01 -1.005594339E-02 -1.068019894E+00  5.932915530E-02 
        54  1.336601228E-01 -9.702887386E-03 -1.384892949E-01  2.455418110E-03 
        55  1.480400264E-01 -8.991528302E-03 -1.362518761E-01  2.419597101E-03 
        56 -4.885282218E-01 -8.892584592E-03 -1.138702040E+00  7.711784315E-02 
        57  1.622782052E-01 -8.274834603E-03 -1.341453228E-01  2.384954686E-03 
        58 -4.914990962E-01 -7.701274939E-03 -1.212404039E+00  1.039980793E-01 
        59  1.763620377E-01 -7.555071265E-03 -1.321573217E-01  2.351601296E-03 
        60  1.902790964E-01 -6.834860891E-03 -1.302794296E-01  2.318516076E-03 
        61 -4.940368831E-01 -6.483212579E-03 -1.277921046E+00  1.466592089E-01 
        62  2.040172368E-01 -6.117118523E-03 -1.285084010E-01  2.285270521E-03 
        63  2.175645083E-01 -5.405038595E-03 -1.268407732E-01  2.252921565E-03 
        64 -4.961396158E-01 -5.238442216E-03 -1.305732792E+00  2.134292224E-01 
        65  2.309092581E-01 -4.702072591E-03 -1.252676734E-01  2.222558875E-03 
        66  2.440401018E-01 -4.011869431E-03 -1.237805660E-01  2.194061307E-03 
        67 -4.978021979E-01 -3.965746146E-03 -1.245341005E+00  3.054830367E-01 
        68  2.569459379E-01 -3.338240087E-03 -1.223748250E-01  2.167135299E-03 
        69  2.696159482E-01 -2.685090527E-03 -1.210446304E-01  2.141639028E-03 
        70 -4.990133345E-01 -2.663569758E-03 -1.045038124E+00  4.082012548E-01 
        71  2.820396721E-01 -2.056343481E-03 -1.197865340E-01  2.117546612E-03 
        72  2.942069471E-01 -1.455891877E-03 -1.185972386E-01  2.095542626E-03 
        73 -4.997532666E-01 -1.333927969E-03 -6.618570334E-01  4.631054367E-01 
        74  3.061079085E-01 -8.875261992E-04 -1.174705637E-01  2.076218324E-03 
        75  3.177331090E-01 -3.548301756E-04 -1.164013414E-01  2.059503691E-03 
        76 -5.000000000E-01  0.000000000E+00 -2.198916783E-01  4.286713300E-01 
        77  5.000000000E-01  0.000000000E+00 -1.039918585E-01  2.423897471E-03 
        78  3.290735483E-01  1.388564706E-04 -1.153857687E-01  2.045191151E-03 
        79  4.970304072E-01  2.135330869E-04 -1.014411691E-01  1.680048148E-03 
        80  4.937011302E-01  4.396291333E-04 -1.017367043E-01  2.133369431E-03 
        81  3.401204944E-01  5.905274302E-04 -1.144201285E-01  2.033096255E-03 
        82  4.970304668E-01  6.190273561E-04 -1.067573903E-01  3.329761189E-03 
        83  4.900089204E-01  6.743340055E-04 -1.021715674E-01  2.316100833E-03 
        84  4.859511554E-01  9.133662097E-04 -1.026524183E-01  2.353709056E-03 
        85  3.508657217E-01  9.975675493E-04 -1.135006468E-01  2.022813842E-03 
        86  4.815258086E-01  1.152163837E-03 -1.031295924E-01  2.343530756E-03 
        87  4.937012494E-01  1.302406192E-03 -1.074341556E-01  3.227512791E-03 
        88  3.613013029E-01  1.357816160E-03 -1.126243185E-01  2.013582699E-03 
        89  4.767314792E-01  1.385957235E-03 -1.036077786E-01  2.312366551E-03 
        90  4.715673029E-01  1.609873958E-03 -1.040882130E-01  2.269039490E-03 
        91  3.714197874E-01  1.669617370E-03 -1.117904902E-01  2.004769651E-03 
        92  4.660329819E-01  1.818986144E-03 -1.045708772E-01  2.219451828E-03 
        93  3.812142015E-01  1.931864768E-03 -1.109994027E-01  1.996471841E-03 
        94  4.601289034E-01  2.008412965E-03 -1.050562653E-01  2.168451206E-03 
        95  4.900090992E-01  2.047623275E-03 -1.087721524E-01  3.377606693E-03 
        96  3.906779587E-01  2.144031227E-03 -1.102504495E-01  1.989313685E-03 
        97  4.538559020E-01  2.173397690E-03 -1.055468808E-01  2.120056987E-03 
        98  3.998049796E-01  2.306194045E-03 -1.095433022E-01  1.984271448E-03 
        99  4.472154081E-01  2.309388481E-03 -1.060469956E-01  2.077243073E-03 
       100  4.402094483E-01  2.412121743E-03 -1.065617534E-01  2.041919627E-03 
       101  4.085896015E-01  2.419045195E-03 -1.088770294E-01  1.982754201E-03 
       102 -4.997532666E-01  2.447119914E-03  4.140841842E-01  2.880652401E-01 
       103  4.328405559E-01  2.477689646E-03 -1.070967477E-01  2.015057297E-03 
       104  4.170267582E-01  2.483885735E-03 -1.082495696E-01  1.986397110E-03 
       105  4.251117706E-01  2.502611838E-03 -1.076576105E-01  1.996762055E-03 
       106  4.859513938E-01  2.851942321E-03 -1.102469387E-01  3.569937414E-03 
       107  4.815261662E-01  3.712472972E-03 -1.118419149E-01  3.774552229E-03 
       108  4.767318964E-01  4.626170266E-03 -1.135341954E-01  3.985908327E-03 
       109 -4.990133643E-01  4.896991886E-03  7.891875506E-01  1.647269805E-01 
       110  4.715678096E-01  5.589993205E-03 -1.153186598E-01  4.202590625E-03 
       111  4.660336077E-01  6.600931752E-03 -1.171889073E-01  4.423408867E-03 
       112 -4.978022575E-01  7.317005191E-03  9.557229226E-01  7.340758076E-02 
       113  4.601296484E-01  7.656057365E-03 -1.191382992E-01  4.646719232E-03 
       114  4.538567364E-01  8.752637543E-03 -1.211601023E-01  4.870851087E-03 
       115 -4.961394370E-01  9.712317027E-03  1.009266789E+00  2.393012286E-02 
       116  4.472163916E-01  9.888111614E-03 -1.232477859E-01  5.094168510E-03 
       117  4.402105510E-01  1.106019970E-02 -1.253955160E-01  5.315165723E-03 
       118 -4.940359890E-01  1.209346484E-02  1.000217983E+00  2.528866114E-02 
       119  4.328417778E-01  1.226687711E-02 -1.275984209E-01  5.532515109E-03 
       120  4.251131713E-01  1.350636687E-02 -1.298529388E-01  5.745135887E-03 
       121 -4.914970994E-01  1.446940657E-02  9.480355475E-01  5.124051003E-02 
       122  4.170282781E-01  1.477721240E-02 -1.321569829E-01  5.952336701E-03 
       123  4.085913002E-01  1.607817225E-02 -1.345099474E-01  6.153809967E-03 
       124 -4.885247946E-01  1.684620976E-02  8.754647957E-01  6.619460469E-02 
       125  3.998067975E-01  1.740822755E-02 -1.369127716E-01  6.349646573E-03 
       126  3.906799555E-01  1.876654103E-02 -1.393677355E-01  6.540397655E-03 
       127 -4.851200283E-01  1.922699809E-02  7.952604151E-01  7.396640802E-02 
       128  3.812163770E-01  2.015238628E-02 -1.418782927E-01  6.727040066E-03 
       129  3.714221418E-01  2.156510018E-02 -1.444487017E-01  6.910955027E-03 
       130 -4.812836945E-01  2.161244489E-02  7.140724402E-01  7.739400181E-02 
       131  3.613038361E-01  2.300398983E-02 -1.470836183E-01  7.093839674E-03 
       132 -4.770171046E-01  2.400129102E-02  6.352805049E-01  7.826096486E-02 
       133  3.508684337E-01  2.446824498E-02 -1.497877433E-01  7.277640869E-03 
       134  3.401234150E-01  2.595693618E-02 -1.525653050E-01  7.464552981E-03 
       135 -4.723221362E-01  2.639061958E-02  5.603295239E-01  7.759763690E-02 
       136  3.290766776E-01  2.746886760E-02 -1.554196976E-01  7.656844806E-03 
       137 -4.672012925E-01  2.877620235E-02  4.900251098E-01  7.601505935E-02 
       138  3.177364469E-01  2.900253981E-02 -1.583531444E-01  7.856795552E-03 
       139  3.061114550E-01  3.055611998E-02 -1.613662797E-01  8.066740905E-03 
       140 -4.616577625E-01  3.115258552E-02  4.245732380E-01  7.398448414E-02 
       141  2.942107320E-01  3.212737292E-02 -1.644578197E-01  8.288931025E-03 
       142 -4.556952715E-01  3.351339325E-02  3.634975355E-01  7.175717326E-02 
       143  2.820436656E-01  3.371361643E-02 -1.676241213E-01  8.525483606E-03 
       144  2.696201801E-01  3.531175107E-02 -1.708587432E-01  8.778337747E-03 
       145 -4.493182003E-01  3.585137799E-02  3.066116836E-01  6.941409223E-02 
       146  2.569503784E-01  3.691821545E-02 -1.741525607E-01  9.049063970E-03 
       147 -4.425313771E-01  3.815871105E-02  2.537025536E-01  6.702206599E-02 
       148  2.440447956E-01  3.852902353E-02 -1.774936995E-01  9.338892392E-03 
       149  2.309141904E-01  4.013982415E-02 -1.808673716E-01  9.648743422E-03 
       150 -4.353401959E-01  4.042705521E-02  2.045613305E-01  6.462727009E-02 
       151  2.175696790E-01  4.174591228E-02 -1.842560060E-01  9.979130122E-03 
       152 -4.277505577E-01  4.264780506E-02  1.589634635E-01  6.224578170E-02 
       153  2.040226460E-01  4.334230348E-02 -1.876391805E-01  1.033008449E-02 
       154 -4.197688401E-01  4.481217638E-02  1.167994035E-01  5.988834223E-02 
       155  1.902847588E-01  4.492381215E-02 -1.909946439E-01  1.070115865E-02 
       156  1.763679385E-01  4.648511112E-02 -1.942985640E-01  1.109160979E-02 
       157 -4.114018679E-01  4.691158235E-02  7.789718915E-02  5.756635663E-02 
       158  1.622843742E-01  4.802086204E-02 -1.975252668E-01  1.150032512E-02 
       159 -4.026569426E-01  4.893758148E-02  4.214288111E-02  5.528112010E-02 
       160  1.480464488E-01  4.952573776E-02 -2.006486148E-01  1.192569728E-02 
       161 -3.935417831E-01  5.088226125E-02  9.423232763E-03  5.303972507E-02 
       162  1.336667985E-01  5.099457130E-02 -2.036429927E-01  1.236586636E-02 
       163  1.191582531E-01  5.242240056E-02 -2.064834290E-01  1.281879104E-02 
       164 -3.840644658E-01  5.273817852E-02 -2.040594415E-02  5.084060569E-02 
       165  1.045338213E-01  5.380454659E-02 -2.091467441E-01  1.328219127E-02 
       166 -3.742335737E-01  5.449872091E-02 -4.742153131E-02  4.868506627E-02 
       167  8.980670571E-02  5.513667315E-02 -2.116133248E-01  1.375386509E-02 
       168 -3.640580177E-01  5.615800247E-02 -7.176389945E-02  4.657898436E-02 
       169  7.499026507E-02  5.641482770E-02 -2.138662207E-01  1.423184635E-02 
       170  6.009799615E-02  5.763549730E-02 -2.158927074E-01  1.471444472E-02 
       171 -3.535470665E-01  5.771113932E-02 -9.354845633E-02  4.452542238E-02 
       172  4.514352977E-02  5.879558995E-02 -2.176841434E-01  1.520043812E-02 
       173 -3.427099586E-01  5.915420130E-02 -1.129074678E-01  4.253455997E-02 
       174  3.014061600E-02  5.989245325E-02 -2.192357409E-01  1.568909721E-02 
       175 -3.315572143E-01  6.048418581E-02 -1.300152432E-01  4.061076470E-02 
       176  1.510309801E-02  6.092382967E-02 -2.205468724E-01  1.618027366E-02 
       177 -3.200992048E-01  6.169915944E-02 -1.450043449E-01  3.875794187E-02 
       178  4.489277853E-05  6.188784540E-02 -2.216202853E-01  1.667451372E-02 
       179 -1.502013020E-02  6.278294325E-02 -2.224617647E-01  1.717314982E-02 
       180 -3.083465099E-01  6.279813498E-02 -1.580458658E-01  3.698448440E-02 
       181 -3.007778712E-02  6.360780448E-02 -2.230786206E-01  1.767831687E-02 
       182 -2.963101566E-01  6.378107518E-02 -1.693145616E-01  3.529425145E-02 
       183 -4.511399940E-02  6.436127424E-02 -2.234801580E-01  1.819377273E-02 
       184 -2.840012908E-01  6.464876980E-02 -1.789714465E-01  3.369204446E-02 
       185 -6.011467054E-02  6.504230201E-02 -2.236742163E-01  1.872144291E-02 
       186 -2.714315355E-01  6.540277600E-02 -1.871984566E-01  3.218071410E-02 
       187 -7.506570965E-02  6.564989686E-02 -2.236641863E-01  1.926552368E-02 
       188 -2.586126029E-01  6.604524702E-02 -1.941526103E-01  3.076011558E-02 
       189 -8.995304257E-02  6.618291140E-02 -2.234521483E-01  1.983448546E-02 
       190 -2.455565929E-01  6.657885760E-02 -1.999872353E-01  2.943210229E-02 
       191 -1.047626361E-01  6.664011627E-02 -2.230371729E-01  2.043283668E-02 
       192 -2.322757840E-01  6.700668484E-02 -2.048605633E-01  2.819504198E-02 
       193 -1.194805130E-01  6.702000648E-02 -2.224084427E-01  2.106569631E-02 
       194 -1.340927631E-01  6.732092798E-02 -2.215440045E-01  2.174078723E-02 
       195 -2.187826931E-01  6.733202934E-02 -2.088998937E-01  2.704516282E-02 
       196 -1.485855579E-01  6.754079461E-02 -2.204135891E-01  2.246464809E-02 
       197 -2.050900757E-01  6.755835563E-02 -2.122255850E-01  2.598029809E-02 
       198 -1.629452109E-01  6.767728180E-02 -2.189768786E-01  2.324410995E-02 
       199 -1.912108362E-01  6.768915802E-02 -2.149505604E-01  2.499613898E-02 
       200 -1.771581173E-01  6.772771478E-02 -2.171755281E-01  2.408605667E-02 
