nodenumber     x-coordinate     y-coordinate pressure-coefficient skin-friction-coef 
         1 -2.840146124E-01 -4.228299111E-02 -3.710611384E-01  1.501537814E-02 
         2 -2.714446783E-01 -4.226166010E-02 -3.660104552E-01  1.435141430E-02 
         3 -2.963235974E-01 -4.224075377E-02 -3.766631204E-01  1.569620250E-02 
         4 -2.586256266E-01 -4.218071699E-02 -3.614652512E-01  1.371125300E-02 
         5 -3.083600998E-01 -4.213083908E-02 -3.828876710E-01  1.638894676E-02 
         6 -2.455694675E-01 -4.204400629E-02 -3.573565172E-01  1.310027414E-02 
         7 -3.201129436E-01 -4.194915667E-02 -3.898333639E-01  1.708538671E-02 
         8 -2.322884947E-01 -4.185510427E-02 -3.536192249E-01  1.251685618E-02 
         9 -3.315711021E-01 -4.169164598E-02 -3.976029881E-01  1.777122799E-02 
        10 -2.187952399E-01 -4.161734879E-02 -3.502268422E-01  1.196031348E-02 
        11 -3.427239954E-01 -4.135438800E-02 -4.063133512E-01  1.842629357E-02 
        12 -2.051024437E-01 -4.133373499E-02 -3.471388250E-01  1.143304622E-02 
        13 -1.912230253E-01 -4.100695625E-02 -3.443096179E-01  1.093222531E-02 
        14 -3.535613120E-01 -4.093370214E-02 -4.160934913E-01  1.902382357E-02 
        15 -1.771701276E-01 -4.063934088E-02 -3.417305886E-01  1.045698067E-02 
        16 -3.640724421E-01 -4.042622447E-02 -4.270807794E-01  1.953144297E-02 
        17 -1.629570127E-01 -4.023287073E-02 -3.393617324E-01  1.000767881E-02 
        18 -3.742481470E-01 -3.982891887E-02 -4.394409822E-01  1.990844599E-02 
        19 -1.485971659E-01 -3.978922963E-02 -3.371796470E-01  9.579909436E-03 
        20 -1.341041476E-01 -3.930979967E-02 -3.351779759E-01  9.172079114E-03 
        21 -3.840791285E-01 -3.913921863E-02 -4.533586620E-01  2.010053954E-02 
        22 -1.194916666E-01 -3.879569471E-02 -3.333342922E-01  8.783632612E-03 
        23 -3.935564756E-01 -3.835509717E-02 -4.690391873E-01  2.003851033E-02 
        24 -1.047735587E-01 -3.824780881E-02 -3.316403641E-01  8.413663947E-03 
        25 -8.996371925E-02 -3.766696155E-02 -3.300833970E-01  8.062728458E-03 
        26 -4.026716352E-01 -3.747503087E-02 -4.867316965E-01  1.963345368E-02 
        27 -7.507614046E-02 -3.705378622E-02 -3.286512981E-01  7.730912497E-03 
        28 -4.114164710E-01 -3.649814054E-02 -5.067043560E-01  1.877536197E-02 
        29 -6.012484059E-02 -3.640896827E-02 -3.273353198E-01  7.418580147E-03 
        30 -4.512390867E-02 -3.573317826E-02 -3.261244577E-01  7.126199051E-03 
        31 -4.197832644E-01 -3.542415425E-02 -5.292326341E-01  1.733313047E-02 
        32 -3.008742630E-02 -3.502721712E-02 -3.250095550E-01  6.853782727E-03 
        33 -1.502949465E-02 -3.429204226E-02 -3.239858786E-01  6.602344250E-03 
        34 -4.277647436E-01 -3.425348923E-02 -5.546678000E-01  1.514758838E-02 
        35  3.580834164E-05 -3.352881595E-02 -3.230413939E-01  6.372866201E-03 
        36 -4.353540540E-01 -3.298716620E-02 -5.836201138E-01  1.192925974E-02 
        37  1.509429049E-02 -3.273893893E-02 -3.221689166E-01  6.165597571E-03 
        38  3.013208508E-02 -3.192408383E-02 -3.213603260E-01  5.980992341E-03 
        39 -4.425447881E-01 -3.162691370E-02 -6.156077552E-01  7.364008511E-03 
        40  4.513527080E-02 -3.108621016E-02 -3.206062929E-01  5.818941609E-03 
        41  6.009000912E-02 -3.022756800E-02 -3.198994001E-01  5.678846644E-03 
        42 -4.493310452E-01 -3.017505258E-02 -6.510012473E-01  3.470926747E-03 
        43  7.498254627E-02 -2.935070172E-02 -3.192322891E-01  5.559936780E-03 
        44 -4.557074606E-01 -2.863452956E-02 -6.909846360E-01  7.056679242E-03 
        45  8.979925513E-02 -2.845839225E-02 -3.185976813E-01  5.461080088E-03 
        46  1.045266315E-01 -2.755367383E-02 -3.179889841E-01  5.380794579E-03 
        47 -4.616691172E-01 -2.700886689E-02 -7.354883587E-01  1.810491502E-02 
        48  1.191513166E-01 -2.663973905E-02 -3.174002386E-01  5.317319348E-03 
        49  1.336601228E-01 -2.571990341E-02 -3.168261302E-01  5.268674410E-03 
        50 -4.672116637E-01 -2.530207112E-02 -7.845024946E-01  3.278898097E-02 
        51  1.480400264E-01 -2.479755506E-02 -3.162618968E-01  5.232718012E-03 
        52  1.622782052E-01 -2.387607098E-02 -3.157032587E-01  5.207103245E-03 
        53 -4.723313749E-01 -2.351857908E-02 -8.380512346E-01  5.216942546E-02 
        54  1.763620377E-01 -2.295874432E-02 -3.151469501E-01  5.189364002E-03 
        55  1.902790964E-01 -2.204874158E-02 -3.145903566E-01  5.177076409E-03 
        56 -4.770250618E-01 -2.166313864E-02 -8.957531871E-01  7.768991142E-02 
        57  2.040172368E-01 -2.114900947E-02 -3.140308891E-01  5.167728009E-03 
        58  2.175645083E-01 -2.026221529E-02 -3.134667253E-01  5.158633296E-03 
        59 -4.812902212E-01 -1.974073239E-02 -9.566133574E-01  1.112559719E-01 
        60  2.309092581E-01 -1.939071715E-02 -3.128969419E-01  5.147080692E-03 
        61  2.440401018E-01 -1.853648201E-02 -3.123210438E-01  5.130359613E-03 
        62 -4.851250350E-01 -1.775623858E-02 -1.018634315E+00  1.553549224E-01 
        63  2.569459379E-01 -1.770109311E-02 -3.117389369E-01  5.105686460E-03 
        64  2.696159482E-01 -1.688570529E-02 -3.111512211E-01  5.070185965E-03 
        65  2.820396721E-01 -1.609103382E-02 -3.105590699E-01  5.020901556E-03 
        66 -4.885282218E-01 -1.571426727E-02 -1.078134260E+00  2.131590374E-01 
        67  2.942069471E-01 -1.531737484E-02 -3.099641775E-01  4.954778865E-03 
        68  3.061079085E-01 -1.456463337E-02 -3.093688916E-01  4.868652828E-03 
        69  3.177331090E-01 -1.383232791E-02 -3.087761368E-01  4.759230771E-03 
        70 -4.914990962E-01 -1.361857820E-02 -1.128446801E+00  2.883869771E-01 
        71  3.290735483E-01 -1.311965287E-02 -3.081894273E-01  4.623072930E-03 
        72  3.401204944E-01 -1.242553815E-02 -3.076128597E-01  4.456576379E-03 
        73  3.508657217E-01 -1.174870133E-02 -3.070511052E-01  4.255945498E-03 
        74 -4.940368831E-01 -1.147159934E-02 -1.158701440E+00  3.844427640E-01 
        75  3.613013029E-01 -1.108772680E-02 -3.065094139E-01  4.017182838E-03 
        76  3.714197874E-01 -1.044113748E-02 -3.059934924E-01  3.736023930E-03 
        77  3.812142015E-01 -9.807454422E-03 -3.055096517E-01  3.407858492E-03 
        78 -4.961396158E-01 -9.273828939E-03 -1.150804059E+00  5.013403858E-01 
        79  3.906779587E-01 -9.185299277E-03 -3.050633878E-01  3.027394759E-03 
        80  3.998049796E-01 -8.573430590E-03 -3.046616294E-01  2.588649343E-03 
        81  4.085896015E-01 -7.970834151E-03 -3.043119384E-01  2.084937243E-03 
        82  4.170267582E-01 -7.376762107E-03 -3.040286147E-01  1.509011284E-03 
        83 -4.978021979E-01 -7.023616228E-03 -1.080535359E+00  6.332548985E-01 
        84  4.251117706E-01 -6.790784188E-03 -3.038193515E-01  8.514627532E-04 
        85  4.328405559E-01 -6.212810520E-03 -3.037161699E-01  3.924623229E-04 
        86  4.402094483E-01 -5.643141456E-03 -3.036846561E-01  7.425132788E-04 
        87  4.472154081E-01 -5.082427524E-03 -3.037157924E-01  1.717425043E-03 
        88 -4.990133345E-01 -4.718801472E-03 -9.284012565E-01  7.601445226E-01 
        89  4.538559020E-01 -4.531715997E-03 -3.038633943E-01  2.847058818E-03 
        90  4.601289034E-01 -3.992382903E-03 -3.041343861E-01  4.164233378E-03 
        91  4.660329819E-01 -3.466149326E-03 -3.045426145E-01  5.722825561E-03 
        92  4.715673029E-01 -2.955005970E-03 -3.051134402E-01  7.604375755E-03 
        93  4.767314792E-01 -2.461175201E-03 -3.058866269E-01  9.936918399E-03 
        94 -4.997532666E-01 -2.363638487E-03 -6.798774377E-01  8.440173706E-01 
        95  4.815258086E-01 -1.987064257E-03 -3.069148415E-01  1.293362688E-02 
        96  4.859511554E-01 -1.535162795E-03 -3.082688261E-01  1.703321143E-02 
        97  4.900089204E-01 -1.108038821E-03 -3.105086707E-01  2.349296436E-02 
        98  4.937011302E-01 -7.082165685E-04 -3.163107480E-01  3.601175899E-02 
        99  4.970304072E-01 -3.381129063E-04 -3.497684774E-01  7.406726143E-02 
       100 -5.000000000E-01  0.000000000E+00 -3.868112030E-01  8.463383511E-01 
       101  5.000000000E-01  0.000000000E+00 -3.796078555E-01  1.193615008E-01 
       102  4.970304668E-01  7.202737033E-04 -3.643253812E-01  1.162930500E-01 
       103  4.937012494E-01  1.519259415E-03 -3.401465515E-01  8.613999424E-02 
       104  4.900090992E-01  2.394983778E-03 -3.357342464E-01  7.784896033E-02 
       105 -4.997532666E-01  3.027264494E-03 -5.317659891E-02  7.718549901E-01 
       106  4.859513938E-01  3.345148871E-03 -3.335030780E-01  7.495217905E-02 
       107  4.815261662E-01  4.367166199E-03 -3.311542994E-01  7.386137726E-02 
       108  4.767318964E-01  5.458110943E-03 -3.284052102E-01  7.340940537E-02 
       109 -4.990133643E-01  6.050519180E-03  2.313103615E-01  6.729341598E-01 
       110  4.715678096E-01  6.614865735E-03 -3.253199133E-01  7.324494315E-02 
       111  4.660336077E-01  7.834118791E-03 -3.219366583E-01  7.323014148E-02 
       112 -4.978022575E-01  9.022734128E-03  4.767714111E-01  5.629049133E-01 
       113  4.601296484E-01  9.112386964E-03 -3.182721794E-01  7.329701701E-02 
       114  4.538567364E-01  1.044614054E-02 -3.143318950E-01  7.340951095E-02 
       115  4.472163916E-01  1.183174737E-02 -3.101159632E-01  7.354659538E-02 
       116 -4.961394370E-01  1.194464508E-02  6.767100338E-01  4.512037066E-01 
       117  4.402105510E-01  1.326562278E-02 -3.056223028E-01  7.369493669E-02 
       118  4.328417778E-01  1.474419516E-02 -3.008488059E-01  7.384502197E-02 
       119 -4.940359890E-01  1.482449938E-02  8.300688804E-01  3.455234602E-01 
       120  4.251131713E-01  1.626393571E-02 -2.957946998E-01  7.398949705E-02 
       121 -4.914970994E-01  1.766939834E-02  9.366930545E-01  2.522626721E-01 
       122  4.170282781E-01  1.782147214E-02 -2.904611545E-01  7.412341227E-02 
       123  4.085913002E-01  1.941351779E-02 -2.848513668E-01  7.424315574E-02 
       124 -4.885247946E-01  2.048372477E-02  1.007627864E+00  1.745302674E-01 
       125  3.998067975E-01  2.103693970E-02 -2.789706882E-01  7.434621136E-02 
       126  3.906799555E-01  2.268878371E-02 -2.728266589E-01  7.443170098E-02 
       127 -4.851200283E-01  2.326918580E-02  1.051094286E+00  1.111645422E-01 
       128  3.812163770E-01  2.436624095E-02 -2.664284916E-01  7.449964927E-02 
       129 -4.812836945E-01  2.602553554E-02  1.073225538E+00  6.032401101E-02 
       130  3.714221418E-01  2.606668323E-02 -2.597869223E-01  7.455124708E-02 
       131  3.613038361E-01  2.778763883E-02 -2.529138118E-01  7.458851472E-02 
       132 -4.770171046E-01  2.875127271E-02  1.079187219E+00  1.994391869E-02 
       133  3.508684337E-01  2.952674031E-02 -2.458218691E-01  7.461390311E-02 
       134  3.401234150E-01  3.128179163E-02 -2.385242982E-01  7.463113755E-02 
       135 -4.723221362E-01  3.144402429E-02  1.072829967E+00  1.367315660E-02 
       136  3.290766776E-01  3.305066004E-02 -2.310341133E-01  7.464432796E-02 
       137 -4.672012925E-01  3.410093114E-02  1.056978680E+00  3.732041209E-02 
       138  3.177364469E-01  3.483127803E-02 -2.233638996E-01  7.465779503E-02 
       139  3.061114550E-01  3.662162274E-02 -2.155254470E-01  7.467661504E-02 
       140 -4.616577625E-01  3.671871126E-02  1.034296449E+00  5.703476078E-02 
       141  2.942107320E-01  3.841964900E-02 -2.075292558E-01  7.470581292E-02 
       142 -4.556952715E-01  3.929393366E-02  1.006820052E+00  7.234464904E-02 
       143  2.820436656E-01  4.022327065E-02 -1.993845586E-01  7.475068061E-02 
       144 -4.493182003E-01  4.182294756E-02  9.759139901E-01  8.417968285E-02 
       145  2.696201801E-01  4.203031957E-02 -1.910984923E-01  7.481686824E-02 
       146  2.569503784E-01  4.383848608E-02 -1.826758376E-01  7.490959925E-02 
       147 -4.425313771E-01  4.430206120E-02  9.426610860E-01  9.327816715E-02 
       148  2.440447956E-01  4.564530775E-02 -1.741192923E-01  7.503405312E-02 
       149 -4.353401959E-01  4.672747105E-02  9.078712209E-01  1.002298735E-01 
       150  2.309141904E-01  4.744814336E-02 -1.654288384E-01  7.519533943E-02 
       151 -4.277505577E-01  4.909531772E-02  8.721352769E-01  1.054877950E-01 
       152  2.175696790E-01  4.924411327E-02 -1.566017897E-01  7.539820608E-02 
       153  2.040226460E-01  5.103011429E-02 -1.476325180E-01  7.564729650E-02 
       154 -4.197688401E-01  5.140164495E-02  8.359310655E-01  1.094037268E-01 
       155  1.902847588E-01  5.280276388E-02 -1.385124986E-01  7.594659978E-02 
       156 -4.114018679E-01  5.364257097E-02  7.996011668E-01  1.122572840E-01 
       157  1.763679385E-01  5.455838516E-02 -1.292303970E-01  7.629956974E-02 
       158 -4.026569426E-01  5.581409112E-02  7.634050122E-01  1.142648958E-01 
       159  1.622843742E-01  5.629306287E-02 -1.197720610E-01  7.670953409E-02 
       160 -3.935417831E-01  5.791228265E-02  7.275487310E-01  1.155977074E-01 
       161  1.480464488E-01  5.800256878E-02 -1.101204921E-01  7.717913929E-02 
       162  1.336667985E-01  5.968242139E-02 -1.002560496E-01  7.771040748E-02 
       163 -3.840644658E-01  5.993311107E-02  6.921885393E-01  1.163959710E-01 
       164  1.191582531E-01  6.132787466E-02 -9.015658330E-02  7.830506587E-02 
       165 -3.742335737E-01  6.187269092E-02  6.574492818E-01  1.167830338E-01 
       166  1.045338213E-01  6.293397397E-02 -7.979745360E-02  7.896419327E-02 
       167 -3.640580177E-01  6.372704357E-02  6.233300422E-01  1.168475684E-01 
       168  8.980670571E-02  6.449551880E-02 -6.915183541E-02  7.968802205E-02 
       169 -3.535470665E-01  6.549237669E-02  5.898537618E-01  1.166311047E-01 
       170  7.499026507E-02  6.600718200E-02 -5.819104459E-02  8.047649635E-02 
       171 -3.427099586E-01  6.716491282E-02  5.571399274E-01  1.161749369E-01 
       172  6.009799615E-02  6.746350229E-02 -4.688476105E-02  8.132887702E-02 
       173 -3.315572143E-01  6.874091923E-02  5.252184083E-01  1.155301703E-01 
       174  4.514352977E-02  6.885892153E-02 -3.520128701E-02  8.224384275E-02 
       175  3.014061600E-02  7.018789649E-02 -2.310783531E-02  8.321978069E-02 
       176 -3.200992048E-01  7.021684945E-02  4.941047341E-01  1.147340311E-01 
       177  1.510309801E-02  7.144483924E-02 -1.057083872E-02  8.425413770E-02 
       178 -3.083465099E-01  7.158929110E-02  4.638164142E-01  1.138147416E-01 
       179  4.489277853E-05  7.262428105E-02  2.443931474E-03  8.534390311E-02 
       180 -2.963101566E-01  7.285507023E-02  4.343636541E-01  1.127953978E-01 
       181 -1.502013020E-02  7.372087240E-02  1.597002797E-02  8.648594453E-02 
       182 -2.840012908E-01  7.401116192E-02  4.057522973E-01  1.116936935E-01 
       183 -3.007778712E-02  7.472943515E-02  3.004099494E-02  8.767668028E-02 
       184 -2.714315355E-01  7.505487651E-02  3.779862004E-01  1.105239216E-01 
       185 -4.511399940E-02  7.564499229E-02  4.469024480E-02  8.891145895E-02 
       186 -2.586126029E-01  7.598371804E-02  3.510689376E-01  1.092973738E-01 
       187 -6.011467054E-02  7.646284997E-02  5.994923408E-02  9.018578201E-02 
       188 -2.455565929E-01  7.679554820E-02  3.249988182E-01  1.080237097E-01 
       189 -7.506570965E-02  7.717871666E-02  7.584850360E-02  9.149550546E-02 
       190 -2.322757840E-01  7.748860121E-02  2.997752613E-01  1.067113225E-01 
       191 -8.995304257E-02  7.778854668E-02  9.241747348E-02  9.283547294E-02 
       192 -2.187826931E-01  7.806141675E-02  2.753955805E-01  1.053670063E-01 
       193 -1.047626361E-01  7.828876376E-02  1.096830940E-01  9.419988794E-02 
       194 -2.050900757E-01  7.851301134E-02  2.518535964E-01  1.039980713E-01 
       195 -1.194805130E-01  7.867614925E-02  1.276698981E-01  9.558359801E-02 
       196 -1.912108362E-01  7.884284109E-02  2.291424137E-01  1.026106672E-01 
       197 -1.340927631E-01  7.894808054E-02  1.464008439E-01  9.698216062E-02 
       198 -1.771581173E-01  7.905066013E-02  2.072546143E-01  1.012094152E-01 
       199 -1.485855579E-01  7.910224050E-02  1.658967836E-01  9.838978793E-02 
       200 -1.629452109E-01  7.913686335E-02  1.861769832E-01  9.980048928E-02 
