nodenumber     x-coordinate     y-coordinate pressure-coefficient skin-friction-coef 
         1 -2.840146124E-01 -4.228299111E-02 -2.689729686E-01  7.300759557E-02 
         2 -2.714446783E-01 -4.226166010E-02 -2.652958502E-01  6.973931788E-02 
         3 -2.963235974E-01 -4.224075377E-02 -2.725130152E-01  7.658515693E-02 
         4 -2.586256266E-01 -4.218071699E-02 -2.614681344E-01  6.675482386E-02 
         5 -3.083600998E-01 -4.213083908E-02 -2.758503184E-01  8.050917891E-02 
         6 -2.455694675E-01 -4.204400629E-02 -2.575662976E-01  6.403197858E-02 
         7 -3.201129436E-01 -4.194915667E-02 -2.788501075E-01  8.481547583E-02 
         8 -2.322884947E-01 -4.185510427E-02 -2.536533125E-01  6.154410780E-02 
         9 -3.315711021E-01 -4.169164598E-02 -2.814304131E-01  8.953865463E-02 
        10 -2.187952399E-01 -4.161734879E-02 -2.497545289E-01  5.926715773E-02 
        11 -3.427239954E-01 -4.135438800E-02 -2.834832485E-01  9.471986079E-02 
        12 -2.051024437E-01 -4.133373499E-02 -2.458952353E-01  5.718037420E-02 
        13 -1.912230253E-01 -4.100695625E-02 -2.420959462E-01  5.526406638E-02 
        14 -3.535613120E-01 -4.093370214E-02 -2.848799094E-01  1.003998816E-01 
        15 -1.771701276E-01 -4.063934088E-02 -2.383709290E-01  5.349998227E-02 
        16 -3.640724421E-01 -4.042622447E-02 -2.854813190E-01  1.066273144E-01 
        17 -1.629570127E-01 -4.023287073E-02 -2.347303627E-01  5.187133203E-02 
        18 -3.742481470E-01 -3.982891887E-02 -2.851159491E-01  1.134525991E-01 
        19 -1.485971659E-01 -3.978922963E-02 -2.311810302E-01  5.036289699E-02 
        20 -1.341041476E-01 -3.930979967E-02 -2.277259200E-01  4.896084491E-02 
        21 -3.840791285E-01 -3.913921863E-02 -2.835781104E-01  1.209411155E-01 
        22 -1.194916666E-01 -3.879569471E-02 -2.243657276E-01  4.765232083E-02 
        23 -3.935564756E-01 -3.835509717E-02 -2.806554732E-01  1.291593963E-01 
        24 -1.047735587E-01 -3.824780881E-02 -2.210980903E-01  4.642596215E-02 
        25 -8.996371925E-02 -3.766696155E-02 -2.179193649E-01  4.527203956E-02 
        26 -4.026716352E-01 -3.747503087E-02 -2.761008398E-01  1.381724609E-01 
        27 -7.507614046E-02 -3.705378622E-02 -2.148252198E-01  4.418165657E-02 
        28 -4.114164710E-01 -3.649814054E-02 -2.696166615E-01  1.480657405E-01 
        29 -6.012484059E-02 -3.640896827E-02 -2.118098671E-01  4.314717748E-02 
        30 -4.512390867E-02 -3.573317826E-02 -2.088672167E-01  4.216224624E-02 
        31 -4.197832644E-01 -3.542415425E-02 -2.608641036E-01  1.589313995E-01 
        32 -3.008742630E-02 -3.502721712E-02 -2.059917439E-01  4.122153876E-02 
        33 -1.502949465E-02 -3.429204226E-02 -2.031776129E-01  4.032091002E-02 
        34 -4.277647436E-01 -3.425348923E-02 -2.494506712E-01  1.708721901E-01 
        35  3.580834164E-05 -3.352881595E-02 -2.004194975E-01  3.945729995E-02 
        36 -4.353540540E-01 -3.298716620E-02 -2.349175580E-01  1.840010815E-01 
        37  1.509429049E-02 -3.273893893E-02 -1.977146371E-01  3.862835811E-02 
        38  3.013208508E-02 -3.192408383E-02 -1.950593712E-01  3.783244767E-02 
        39 -4.425447881E-01 -3.162691370E-02 -2.167328068E-01  1.984429407E-01 
        40  4.513527080E-02 -3.108621016E-02 -1.924514300E-01  3.706881830E-02 
        41  6.009000912E-02 -3.022756800E-02 -1.898902505E-01  3.633731928E-02 
        42 -4.493310452E-01 -3.017505258E-02 -1.942620843E-01  2.143319339E-01 
        43  7.498254627E-02 -2.935070172E-02 -1.873763038E-01  3.563821753E-02 
        44 -4.557074606E-01 -2.863452956E-02 -1.667528253E-01  2.318052230E-01 
        45  8.979925513E-02 -2.845839225E-02 -1.849109735E-01  3.497210268E-02 
        46  1.045266315E-01 -2.755367383E-02 -1.824968001E-01  3.433989051E-02 
        47 -4.616691172E-01 -2.700886689E-02 -1.333159443E-01  2.509946999E-01 
        48  1.191513166E-01 -2.663973905E-02 -1.801371101E-01  3.374256209E-02 
        49  1.336601228E-01 -2.571990341E-02 -1.778359759E-01  3.318107110E-02 
        50 -4.672116637E-01 -2.530207112E-02 -9.288459537E-02  2.720110714E-01 
        51  1.480400264E-01 -2.479755506E-02 -1.755978374E-01  3.265639697E-02 
        52  1.622782052E-01 -2.387607098E-02 -1.734275191E-01  3.216937154E-02 
        53 -4.723313749E-01 -2.351857908E-02 -4.416733859E-02  2.949092034E-01 
        54  1.763620377E-01 -2.295874432E-02 -1.713305621E-01  3.172043100E-02 
        55  1.902790964E-01 -2.204874158E-02 -1.693111726E-01  3.130986032E-02 
        56 -4.770250618E-01 -2.166313864E-02  1.441403768E-02  3.196192922E-01 
        57  2.040172368E-01 -2.114900947E-02 -1.673744875E-01  3.093765307E-02 
        58  2.175645083E-01 -2.026221529E-02 -1.655247079E-01  3.060331630E-02 
        59 -4.812902212E-01 -1.974073239E-02  8.478262002E-02  3.458176423E-01 
        60  2.309092581E-01 -1.939071715E-02 -1.637653106E-01  3.030611998E-02 
        61  2.440401018E-01 -1.853648201E-02 -1.620996933E-01  3.004488727E-02 
        62 -4.851250350E-01 -1.775623858E-02  1.692773604E-01  3.726633264E-01 
        63  2.569459379E-01 -1.770109311E-02 -1.605301557E-01  2.981801224E-02 
        64  2.696159482E-01 -1.688570529E-02 -1.590579492E-01  2.962357520E-02 
        65  2.820396721E-01 -1.609103382E-02 -1.576835864E-01  2.945928427E-02 
        66 -4.885282218E-01 -1.571426727E-02  2.704717469E-01  3.983510413E-01 
        67  2.942069471E-01 -1.531737484E-02 -1.564067398E-01  2.932254463E-02 
        68  3.061079085E-01 -1.456463337E-02 -1.552260742E-01  2.921048218E-02 
        69  3.177331090E-01 -1.383232791E-02 -1.541392448E-01  2.911994872E-02 
        70 -4.914990962E-01 -1.361857820E-02  3.902204600E-01  4.197705643E-01 
        71  3.290735483E-01 -1.311965287E-02 -1.531429490E-01  2.904765135E-02 
        72  3.401204944E-01 -1.242553815E-02 -1.522331554E-01  2.899022088E-02 
        73  3.508657217E-01 -1.174870133E-02 -1.514050756E-01  2.894422457E-02 
        74 -4.940368831E-01 -1.147159934E-02  5.297638682E-01  4.318347569E-01 
        75  3.613013029E-01 -1.108772680E-02 -1.506532691E-01  2.890628256E-02 
        76  3.714197874E-01 -1.044113748E-02 -1.499717709E-01  2.887314622E-02 
        77  3.812142015E-01 -9.807454422E-03 -1.493542260E-01  2.884179347E-02 
        78 -4.961396158E-01 -9.273828939E-03  6.877612328E-01  4.263465383E-01 
        79  3.906779587E-01 -9.185299277E-03 -1.487940586E-01  2.880955459E-02 
        80  3.998049796E-01 -8.573430590E-03 -1.482846079E-01  2.877415667E-02 
        81  4.085896015E-01 -7.970834151E-03 -1.478192760E-01  2.873388180E-02 
        82  4.170267582E-01 -7.376762107E-03 -1.473916874E-01  2.868769314E-02 
        83 -4.978021979E-01 -7.023616228E-03  8.560551138E-01  3.920702177E-01 
        84  4.251117706E-01 -6.790784188E-03 -1.469957880E-01  2.863524276E-02 
        85  4.328405559E-01 -6.212810520E-03 -1.466258378E-01  2.857709479E-02 
        86  4.402094483E-01 -5.643141456E-03 -1.462763532E-01  2.851492849E-02 
        87  4.472154081E-01 -5.082427524E-03 -1.459418300E-01  2.845188387E-02 
        88 -4.990133345E-01 -4.718801472E-03  1.014800262E+00  3.180177327E-01 
        89  4.538559020E-01 -4.531715997E-03 -1.456162803E-01  2.839330961E-02 
        90  4.601289034E-01 -3.992382903E-03 -1.452925634E-01  2.834806690E-02 
        91  4.660329819E-01 -3.466149326E-03 -1.449617907E-01  2.833117176E-02 
        92  4.715673029E-01 -2.955005970E-03 -1.446127607E-01  2.836816884E-02 
        93  4.767314792E-01 -2.461175201E-03 -1.442313173E-01  2.850266565E-02 
        94 -4.997532666E-01 -2.363638487E-03  1.130721672E+00  2.052080093E-01 
        95  4.815258086E-01 -1.987064257E-03 -1.437942558E-01  2.881063270E-02 
        96  4.859511554E-01 -1.535162795E-03 -1.432612010E-01  2.945391171E-02 
        97  4.900089204E-01 -1.108038821E-03 -1.426727323E-01  3.095264508E-02 
        98  4.937011302E-01 -7.082165685E-04 -1.430958375E-01  3.498432964E-02 
        99  4.970304072E-01 -3.381129063E-04 -1.516506263E-01  4.880184594E-02 
       100 -5.000000000E-01  0.000000000E+00  1.176356763E+00  8.033534621E-02 
       101  5.000000000E-01  0.000000000E+00 -1.648313982E-01  5.006101605E-02 
       102  4.970304668E-01  7.202737033E-04 -1.600795199E-01  2.998541218E-02 
       103  4.937012494E-01  1.519259415E-03 -1.465975668E-01  1.451033629E-02 
       104  4.900090992E-01  2.394983778E-03 -1.454151691E-01  9.912500382E-03 
       105 -4.997532666E-01  3.027264494E-03  1.163899122E+00  6.672901548E-02 
       106  4.859513938E-01  3.345148871E-03 -1.460242123E-01  7.600182836E-03 
       107  4.815261662E-01  4.367166199E-03 -1.472295735E-01  6.361568925E-03 
       108  4.767318964E-01  5.458110943E-03 -1.487090708E-01  5.654040373E-03 
       109 -4.990133643E-01  6.050519180E-03  1.098129267E+00  1.846870511E-01 
       110  4.715678096E-01  6.614865735E-03 -1.503815117E-01  5.273939506E-03 
       111  4.660336077E-01  7.834118791E-03 -1.521996956E-01  5.116474196E-03 
       112 -4.978022575E-01  9.022734128E-03  9.824189833E-01  2.716843352E-01 
       113  4.601296484E-01  9.112386964E-03 -1.541356754E-01  5.113717496E-03 
       114  4.538567364E-01  1.044614054E-02 -1.561767891E-01  5.219364244E-03 
       115  4.472163916E-01  1.183174737E-02 -1.583198346E-01  5.401666964E-03 
       116 -4.961394370E-01  1.194464508E-02  8.431377308E-01  3.257946923E-01 
       117  4.402105510E-01  1.326562278E-02 -1.605669931E-01  5.638994311E-03 
       118  4.328417778E-01  1.474419516E-02 -1.629229063E-01  5.916844146E-03 
       119 -4.940359890E-01  1.482449938E-02  7.006690211E-01  3.534551572E-01 
       120  4.251131713E-01  1.626393571E-02 -1.653930466E-01  6.225729668E-03 
       121 -4.914970994E-01  1.766939834E-02  5.649569772E-01  3.624431605E-01 
       122  4.170282781E-01  1.782147214E-02 -1.679827238E-01  6.559710518E-03 
       123  4.085913002E-01  1.941351779E-02 -1.706965845E-01  6.915158097E-03 
       124 -4.885247946E-01  2.048372477E-02  4.407688647E-01  3.591344552E-01 
       125  3.998067975E-01  2.103693970E-02 -1.735386500E-01  7.289932561E-03 
       126  3.906799555E-01  2.268878371E-02 -1.765123051E-01  7.682897503E-03 
       127 -4.851200283E-01  2.326918580E-02  3.297117525E-01  3.483289853E-01 
       128  3.812163770E-01  2.436624095E-02 -1.796205120E-01  8.093523457E-03 
       129 -4.812836945E-01  2.602553554E-02  2.315553927E-01  3.333293091E-01 
       130  3.714221418E-01  2.606668323E-02 -1.828659160E-01  8.521735850E-03 
       131  3.613038361E-01  2.778763883E-02 -1.862509007E-01  8.967781952E-03 
       132 -4.770171046E-01  2.875127271E-02  1.454848964E-01  3.162764764E-01 
       133  3.508684337E-01  2.952674031E-02 -1.897777675E-01  9.432154387E-03 
       134  3.401234150E-01  3.128179163E-02 -1.934487224E-01  9.915698330E-03 
       135 -4.723221362E-01  3.144402429E-02  7.040378632E-02  2.985743036E-01 
       136  3.290766776E-01  3.305066004E-02 -1.972658082E-01  1.041949425E-02 
       137 -4.672012925E-01  3.410093114E-02  4.957027276E-03  2.810871713E-01 
       138  3.177364469E-01  3.483127803E-02 -2.012309560E-01  1.094481910E-02 
       139  3.061114550E-01  3.662162274E-02 -2.053459648E-01  1.149320559E-02 
       140 -4.616577625E-01  3.671871126E-02 -5.207425844E-02  2.642927973E-01 
       141  2.942107320E-01  3.841964900E-02 -2.096128472E-01  1.206639367E-02 
       142 -4.556952715E-01  3.929393366E-02 -1.018176676E-01  2.484416056E-01 
       143  2.820436656E-01  4.022327065E-02 -2.140333970E-01  1.266646578E-02 
       144 -4.493182003E-01  4.182294756E-02 -1.452546993E-01  2.336377152E-01 
       145  2.696201801E-01  4.203031957E-02 -2.186086518E-01  1.329573707E-02 
       146  2.569503784E-01  4.383848608E-02 -2.233398805E-01  1.395659943E-02 
       147 -4.425313771E-01  4.430206120E-02 -1.832379838E-01  2.198984831E-01 
       148  2.440447956E-01  4.564530775E-02 -2.282285612E-01  1.465186807E-02 
       149 -4.353401959E-01  4.672747105E-02 -2.164917150E-01  2.071912575E-01 
       150  2.309141904E-01  4.744814336E-02 -2.332744241E-01  1.538458387E-02 
       151 -4.277505577E-01  4.909531772E-02 -2.456272155E-01  1.954557964E-01 
       152  2.175696790E-01  4.924411327E-02 -2.384774979E-01  1.615782415E-02 
       153  2.040226460E-01  5.103011429E-02 -2.438372825E-01  1.697504014E-02 
       154 -4.197688401E-01  5.140164495E-02 -2.711640239E-01  1.846202371E-01 
       155  1.902847588E-01  5.280276388E-02 -2.493518025E-01  1.783975918E-02 
       156 -4.114018679E-01  5.364257097E-02 -2.935430192E-01  1.746099761E-01 
       157  1.763679385E-01  5.455838516E-02 -2.550188986E-01  1.875564819E-02 
       158 -4.026569426E-01  5.581409112E-02 -3.131382392E-01  1.653504820E-01 
       159  1.622843742E-01  5.629306287E-02 -2.608348390E-01  1.972666680E-02 
       160 -3.935417831E-01  5.791228265E-02 -3.302672375E-01  1.567692401E-01 
       161  1.480464488E-01  5.800256878E-02 -2.667942381E-01  2.075668106E-02 
       162  1.336667985E-01  5.968242139E-02 -2.728913265E-01  2.184962222E-02 
       163 -3.840644658E-01  5.993311107E-02 -3.451995221E-01  1.487980410E-01 
       164  1.191582531E-01  6.132787466E-02 -2.791177935E-01  2.300954423E-02 
       165 -3.742335737E-01  6.187269092E-02 -3.581629088E-01  1.413751792E-01 
       166  1.045338213E-01  6.293397397E-02 -2.854643996E-01  2.424045748E-02 
       167 -3.640580177E-01  6.372704357E-02 -3.693509449E-01  1.344447852E-01 
       168  8.980670571E-02  6.449551880E-02 -2.919201292E-01  2.554650368E-02 
       169 -3.535470665E-01  6.549237669E-02 -3.789329979E-01  1.279561180E-01 
       170  7.499026507E-02  6.600718200E-02 -2.984701598E-01  2.693166767E-02 
       171 -3.427099586E-01  6.716491282E-02 -3.870543360E-01  1.218624723E-01 
       172  6.009799615E-02  6.746350229E-02 -3.050989095E-01  2.839953314E-02 
       173 -3.315572143E-01  6.874091923E-02 -3.938339595E-01  1.161241106E-01 
       174  4.514352977E-02  6.885892153E-02 -3.117887940E-01  2.995370067E-02 
       175  3.014061600E-02  7.018789649E-02 -3.185196224E-01  3.159780520E-02 
       176 -3.200992048E-01  7.021684945E-02 -3.993798550E-01  1.107060391E-01 
       177  1.510309801E-02  7.144483924E-02 -3.252680220E-01  3.333502663E-02 
       178 -3.083465099E-01  7.158929110E-02 -4.037870013E-01  1.055762095E-01 
       179  4.489277853E-05  7.262428105E-02 -3.320093504E-01  3.516834084E-02 
       180 -2.963101566E-01  7.285507023E-02 -4.071386304E-01  1.007068259E-01 
       181 -1.502013020E-02  7.372087240E-02 -3.387163931E-01  3.710078369E-02 
       182 -2.840012908E-01  7.401116192E-02 -4.095109191E-01  9.607274568E-02 
       183 -3.007778712E-02  7.472943515E-02 -3.453582427E-01  3.913498788E-02 
       184 -2.714315355E-01  7.505487651E-02 -4.109706799E-01  9.165177526E-02 
       185 -4.511399940E-02  7.564499229E-02 -3.519027567E-01  4.127295708E-02 
       186 -2.586126029E-01  7.598371804E-02 -4.115707012E-01  8.743107324E-02 
       187 -6.011467054E-02  7.646284997E-02 -3.583160026E-01  4.351684226E-02 
       188 -2.455565929E-01  7.679554820E-02 -4.113708290E-01  8.339632302E-02 
       189 -7.506570965E-02  7.717871666E-02 -3.645615192E-01  4.586894027E-02 
       190 -2.322757840E-01  7.748860121E-02 -4.104288203E-01  7.952510412E-02 
       191 -8.995304257E-02  7.778854668E-02 -3.706011361E-01  4.833102726E-02 
       192 -2.187826931E-01  7.806141675E-02 -4.087924285E-01  7.580775240E-02 
       193 -1.047626361E-01  7.828876376E-02 -3.763950176E-01  5.090456692E-02 
       194 -2.050900757E-01  7.851301134E-02 -4.065086361E-01  7.224066940E-02 
       195 -1.194805130E-01  7.867614925E-02 -3.819025207E-01  5.359149470E-02 
       196 -1.912108362E-01  7.884284109E-02 -4.036255995E-01  6.881505649E-02 
       197 -1.340927631E-01  7.894808054E-02 -3.870828048E-01  5.639447086E-02 
       198 -1.771581173E-01  7.905066013E-02 -4.001900670E-01  6.552290527E-02 
       199 -1.485855579E-01  7.910224050E-02 -3.918887182E-01  5.931599688E-02 
       200 -1.629452109E-01  7.913686335E-02 -3.962649799E-01  6.235797619E-02 
