nodenumber     x-coordinate     y-coordinate pressure-coefficient skin-friction-coef 
         1 -2.840146124E-01 -4.228299111E-02  6.924193463E-02  9.403872577E-02 
         2 -2.714446783E-01 -4.226166010E-02  5.977650422E-02  9.099275126E-02 
         3 -2.963235974E-01 -4.224075377E-02  7.940684284E-02  9.733822407E-02 
         4 -2.586256266E-01 -4.218071699E-02  5.095635097E-02  8.818564521E-02 
         5 -3.083600998E-01 -4.213083908E-02  9.036895784E-02  1.009097980E-01 
         6 -2.455694675E-01 -4.204400629E-02  4.267777887E-02  8.560240719E-02 
         7 -3.201129436E-01 -4.194915667E-02  1.022810511E-01  1.047713070E-01 
         8 -2.322884947E-01 -4.185510427E-02  3.485855242E-02  8.322617683E-02 
         9 -3.315711021E-01 -4.169164598E-02  1.152691570E-01  1.089377379E-01 
        10 -2.187952399E-01 -4.161734879E-02  2.743637592E-02  8.104061055E-02 
        11 -3.427239954E-01 -4.135438800E-02  1.294774470E-01  1.134238724E-01 
        12 -2.051024437E-01 -4.133373499E-02  2.035596350E-02  7.902986806E-02 
        13 -1.912230253E-01 -4.100695625E-02  1.356974723E-02  7.717879351E-02 
        14 -3.535613120E-01 -4.093370214E-02  1.450663772E-01  1.182430666E-01 
        15 -1.771701276E-01 -4.063934088E-02  7.037661401E-03  7.547269620E-02 
        16 -3.640724421E-01 -4.042622447E-02  1.622052974E-01  1.234063302E-01 
        17 -1.629570127E-01 -4.023287073E-02  7.265783617E-04  7.389737528E-02 
        18 -3.742481470E-01 -3.982891887E-02  1.810838626E-01  1.289232243E-01 
        19 -1.485971659E-01 -3.978922963E-02 -5.390429510E-03  7.243972077E-02 
        20 -1.341041476E-01 -3.930979967E-02 -1.133486949E-02  7.108744485E-02 
        21 -3.840791285E-01 -3.913921863E-02  2.019104467E-01  1.348001677E-01 
        22 -1.194916666E-01 -3.879569471E-02 -1.712329717E-02  6.982866585E-02 
        23 -3.935564756E-01 -3.835509717E-02  2.249074499E-01  1.410383762E-01 
        24 -1.047735587E-01 -3.824780881E-02 -2.276795775E-02  6.865276063E-02 
        25 -8.996371925E-02 -3.766696155E-02 -2.827771902E-02  6.755045511E-02 
        26 -4.026716352E-01 -3.747503087E-02  2.503142909E-01  1.476314647E-01 
        27 -7.507614046E-02 -3.705378622E-02 -3.365871486E-02  6.651304302E-02 
        28 -4.114164710E-01 -3.649814054E-02  2.783880392E-01  1.545632637E-01 
        29 -6.012484059E-02 -3.640896827E-02 -3.891459354E-02  6.553307982E-02 
        30 -4.512390867E-02 -3.573317826E-02 -4.404742989E-02  6.460429820E-02 
        31 -4.197832644E-01 -3.542415425E-02  3.094044745E-01  1.618032856E-01 
        32 -3.008742630E-02 -3.502721712E-02 -4.905850625E-02  6.372151438E-02 
        33 -1.502949465E-02 -3.429204226E-02 -5.394860934E-02  6.288089371E-02 
        34 -4.277647436E-01 -3.425348923E-02  3.436548630E-01  1.692989358E-01 
        35  3.580834164E-05 -3.352881595E-02 -5.871898542E-02  6.207952746E-02 
        36 -4.353540540E-01 -3.298716620E-02  3.814422103E-01  1.769660820E-01 
        37  1.509429049E-02 -3.273893893E-02 -6.337104399E-02  6.131549082E-02 
        38  3.013208508E-02 -3.192408383E-02 -6.790713836E-02  6.058794435E-02 
        39 -4.425447881E-01 -3.162691370E-02  4.230642374E-01  1.846806861E-01 
        40  4.513527080E-02 -3.108621016E-02 -7.233101826E-02  5.989687940E-02 
        41  6.009000912E-02 -3.022756800E-02 -7.664766270E-02  5.924309237E-02 
        42 -4.493310452E-01 -3.017505258E-02  4.688025540E-01  1.922684209E-01 
        43  7.498254627E-02 -2.935070172E-02 -8.086384027E-02  5.862801805E-02 
        44 -4.557074606E-01 -2.863452956E-02  5.188931887E-01  1.995044380E-01 
        45  8.979925513E-02 -2.845839225E-02 -8.498767753E-02  5.805350306E-02 
        46  1.045266315E-01 -2.755367383E-02 -8.902875610E-02  5.752193250E-02 
        47 -4.616691172E-01 -2.700886689E-02  5.737188600E-01  2.060308944E-01 
        48  1.191513166E-01 -2.663973905E-02 -9.299815632E-02  5.703583191E-02 
        49  1.336601228E-01 -2.571990341E-02 -9.690801297E-02  5.659774140E-02 
        50 -4.672116637E-01 -2.530207112E-02  6.335014272E-01  2.112657208E-01 
        51  1.480400264E-01 -2.479755506E-02 -1.007714627E-01  5.621031989E-02 
        52  1.622782052E-01 -2.387607098E-02 -1.046022969E-01  5.587597586E-02 
        53 -4.723313749E-01 -2.351857908E-02  6.982413533E-01  2.143793964E-01 
        54  1.763620377E-01 -2.295874432E-02 -1.084145943E-01  5.559677111E-02 
        55  1.902790964E-01 -2.204874158E-02 -1.122224507E-01  5.537454049E-02 
        56 -4.770250618E-01 -2.166313864E-02  7.676942993E-01  2.142126511E-01 
        57  2.040172368E-01 -2.114900947E-02 -1.160396716E-01  5.521059732E-02 
        58  2.175645083E-01 -2.026221529E-02 -1.198793718E-01  5.510567483E-02 
        59 -4.812902212E-01 -1.974073239E-02  8.413510862E-01  2.090682339E-01 
        60  2.309092581E-01 -1.939071715E-02 -1.237537057E-01  5.505998927E-02 
        61  2.440401018E-01 -1.853648201E-02 -1.276735391E-01  5.507305430E-02 
        62 -4.851250350E-01 -1.775623858E-02  9.179958526E-01  1.964548904E-01 
        63  2.569459379E-01 -1.770109311E-02 -1.316481675E-01  5.514379605E-02 
        64  2.696159482E-01 -1.688570529E-02 -1.356850956E-01  5.527047829E-02 
        65  2.820396721E-01 -1.609103382E-02 -1.397897279E-01  5.545057361E-02 
        66 -4.885282218E-01 -1.571426727E-02  9.952649910E-01  1.728733883E-01 
        67  2.942069471E-01 -1.531737484E-02 -1.439652797E-01  5.568097533E-02 
        68  3.061079085E-01 -1.456463337E-02 -1.482126316E-01  5.595799713E-02 
        69  3.177331090E-01 -1.383232791E-02 -1.525301307E-01  5.627729635E-02 
        70 -4.914990962E-01 -1.361857820E-02  1.069135389E+00  1.334898578E-01 
        71  3.290735483E-01 -1.311965287E-02 -1.569137316E-01  5.663403437E-02 
        72  3.401204944E-01 -1.242553815E-02 -1.613569206E-01  5.702297201E-02 
        73  3.508657217E-01 -1.174870133E-02 -1.658507946E-01  5.743851904E-02 
        74 -4.940368831E-01 -1.147159934E-02  1.131620538E+00  7.283882406E-02 
        75  3.613013029E-01 -1.108772680E-02 -1.703841628E-01  5.787490250E-02 
        76  3.714197874E-01 -1.044113748E-02 -1.749438273E-01  5.832628039E-02 
        77  3.812142015E-01 -9.807454422E-03 -1.795148565E-01  5.878691397E-02 
        78 -4.961396158E-01 -9.273828939E-03  1.170705575E+00  4.967114067E-02 
        79  3.906779587E-01 -9.185299277E-03 -1.840808667E-01  5.925139419E-02 
        80  3.998049796E-01 -8.573430590E-03 -1.886244674E-01  5.971472338E-02 
        81  4.085896015E-01 -7.970834151E-03 -1.931275933E-01  6.017263686E-02 
        82  4.170267582E-01 -7.376762107E-03 -1.975720852E-01  6.062187397E-02 
        83 -4.978021979E-01 -7.023616228E-03  1.173432451E+00  1.261428116E-01 
        84  4.251117706E-01 -6.790784188E-03 -2.019399925E-01  6.106018695E-02 
        85  4.328405559E-01 -6.212810520E-03 -2.062140163E-01  6.148678876E-02 
        86  4.402094483E-01 -5.643141456E-03 -2.103777219E-01  6.190262064E-02 
        87  4.472154081E-01 -5.082427524E-03 -2.144156681E-01  6.231070159E-02 
        88 -4.990133345E-01 -4.718801472E-03  1.111658986E+00  2.683932241E-01 
        89  4.538559020E-01 -4.531715997E-03 -2.183130188E-01  6.271686547E-02 
        90  4.601289034E-01 -3.992382903E-03 -2.220544866E-01  6.313106150E-02 
        91  4.660329819E-01 -3.466149326E-03 -2.256225011E-01  6.357078196E-02 
        92  4.715673029E-01 -2.955005970E-03 -2.289943285E-01  6.406732518E-02 
        93  4.767314792E-01 -2.461175201E-03 -2.321353287E-01  6.467861151E-02 
        94 -4.997532666E-01 -2.363638487E-03  9.707724199E-01  4.119664078E-01 
        95  4.815258086E-01 -1.987064257E-03 -2.349806968E-01  6.551639988E-02 
        96  4.859511554E-01 -1.535162795E-03 -2.373982521E-01  6.685405579E-02 
        97  4.900089204E-01 -1.108038821E-03 -2.394332586E-01  6.964971570E-02 
        98  4.937011302E-01 -7.082165685E-04 -2.430222241E-01  7.723031255E-02 
        99  4.970304072E-01 -3.381129063E-04 -2.628792828E-01  1.039973991E-01 
       100 -5.000000000E-01  0.000000000E+00  7.784024363E-01  5.139442191E-01 
       101  5.000000000E-01  0.000000000E+00 -2.838407697E-01  1.012461914E-01 
       102  4.970304668E-01  7.202737033E-04 -2.665217178E-01  5.573550853E-02 
       103  4.937012494E-01  1.519259415E-03 -2.373635924E-01  2.334492195E-02 
       104  4.900090992E-01  2.394983778E-03 -2.322970846E-01  1.262478686E-02 
       105 -4.997532666E-01  3.027264494E-03  5.164717044E-01  5.901003619E-01 
       106  4.859513938E-01  3.345148871E-03 -2.307667999E-01  6.813807313E-03 
       107  4.815261662E-01  4.367166199E-03 -2.304703385E-01  3.107816798E-03 
       108  4.767318964E-01  5.458110943E-03 -2.307034154E-01  1.150003518E-03 
       109 -4.990133643E-01  6.050519180E-03  2.581597316E-01  6.286871177E-01 
       110  4.715678096E-01  6.614865735E-03 -2.313197748E-01  1.583805773E-03 
       111  4.660336077E-01  7.834118791E-03 -2.323230268E-01  3.140792282E-03 
       112 -4.978022575E-01  9.022734128E-03  1.337443139E-02  6.314546298E-01 
       113  4.601296484E-01  9.112386964E-03 -2.335972783E-01  4.322701665E-03 
       114  4.538567364E-01  1.044614054E-02 -2.350412727E-01  5.203097857E-03 
       115  4.472163916E-01  1.183174737E-02 -2.366091924E-01  5.843941294E-03 
       116 -4.961394370E-01  1.194464508E-02 -1.983827038E-01  6.065979831E-01 
       117  4.402105510E-01  1.326562278E-02 -2.382739772E-01  6.292555821E-03 
       118  4.328417778E-01  1.474419516E-02 -2.400107264E-01  6.585068178E-03 
       119 -4.940359890E-01  1.482449938E-02 -3.723049520E-01  5.655745056E-01 
       120  4.251131713E-01  1.626393571E-02 -2.418040364E-01  6.749977077E-03 
       121 -4.914970994E-01  1.766939834E-02 -5.098123704E-01  5.171208006E-01 
       122  4.170282781E-01  1.782147214E-02 -2.436236026E-01  6.814725412E-03 
       123  4.085913002E-01  1.941351779E-02 -2.454597874E-01  6.808951077E-03 
       124 -4.885247946E-01  2.048372477E-02 -6.148842399E-01  4.672878725E-01 
       125  3.998067975E-01  2.103693970E-02 -2.473199562E-01  6.756944578E-03 
       126  3.906799555E-01  2.268878371E-02 -2.492115045E-01  6.677072214E-03 
       127 -4.851200283E-01  2.326918580E-02 -6.934850128E-01  4.197502106E-01 
       128  3.812163770E-01  2.436624095E-02 -2.511501580E-01  6.582510999E-03 
       129 -4.812836945E-01  2.602553554E-02 -7.511034114E-01  3.762074466E-01 
       130  3.714221418E-01  2.606668323E-02 -2.531464733E-01  6.482387660E-03 
       131  3.613038361E-01  2.778763883E-02 -2.552168313E-01  6.383280669E-03 
       132 -4.770171046E-01  2.875127271E-02 -7.923921555E-01  3.372050214E-01 
       133  3.508684337E-01  2.952674031E-02 -2.573776566E-01  6.288234055E-03 
       134  3.401234150E-01  3.128179163E-02 -2.596405980E-01  6.198926995E-03 
       135 -4.723221362E-01  3.144402429E-02 -8.210021140E-01  3.026707362E-01 
       136  3.290766776E-01  3.305066004E-02 -2.620231885E-01  6.115700554E-03 
       137 -4.672012925E-01  3.410093114E-02 -8.397720928E-01  2.722615948E-01 
       138  3.177364469E-01  3.483127803E-02 -2.645425072E-01  6.035945343E-03 
       139  3.061114550E-01  3.662162274E-02 -2.672092665E-01  5.955824184E-03 
       140 -4.616577625E-01  3.671871126E-02 -8.509120521E-01  2.455283151E-01 
       141  2.942107320E-01  3.841964900E-02 -2.700315162E-01  5.872324928E-03 
       142 -4.556952715E-01  3.929393366E-02 -8.560893191E-01  2.220417040E-01 
       143  2.820436656E-01  4.022327065E-02 -2.730197390E-01  5.783091996E-03 
       144 -4.493182003E-01  4.182294756E-02 -8.565815755E-01  2.013741900E-01 
       145  2.696201801E-01  4.203031957E-02 -2.761863026E-01  5.685182757E-03 
       146  2.569503784E-01  4.383848608E-02 -2.795417173E-01  5.574871717E-03 
       147 -4.425313771E-01  4.430206120E-02 -8.534465955E-01  1.831082686E-01 
       148  2.440447956E-01  4.564530775E-02 -2.830915350E-01  5.449401777E-03 
       149 -4.353401959E-01  4.672747105E-02 -8.474779710E-01  1.669166737E-01 
       150  2.309141904E-01  4.744814336E-02 -2.868462683E-01  5.307121572E-03 
       151 -4.277505577E-01  4.909531772E-02 -8.392746990E-01  1.525119455E-01 
       152  2.175696790E-01  4.924411327E-02 -2.908204347E-01  5.145186516E-03 
       153  2.040226460E-01  5.103011429E-02 -2.950215149E-01  4.960622173E-03 
       154 -4.197688401E-01  5.140164495E-02 -8.293191393E-01  1.396426288E-01 
       155  1.902847588E-01  5.280276388E-02 -2.994609536E-01  4.751407653E-03 
       156 -4.114018679E-01  5.364257097E-02 -8.179816656E-01  1.280941840E-01 
       157  1.763679385E-01  5.455838516E-02 -3.041540018E-01  4.514514245E-03 
       158 -4.026569426E-01  5.581409112E-02 -8.055587096E-01  1.176854961E-01 
       159  1.622843742E-01  5.629306287E-02 -3.091107207E-01  4.246588933E-03 
       160 -3.935417831E-01  5.791228265E-02 -7.922842216E-01  1.082623304E-01 
       161  1.480464488E-01  5.800256878E-02 -3.143447284E-01  3.944664320E-03 
       162  1.336667985E-01  5.968242139E-02 -3.198710936E-01  3.604915554E-03 
       163 -3.840644658E-01  5.993311107E-02 -7.783447492E-01  9.969410017E-02 
       164  1.191582531E-01  6.132787466E-02 -3.257022101E-01  3.223184991E-03 
       165 -3.742335737E-01  6.187269092E-02 -7.638906468E-01  9.187072397E-02 
       166  1.045338213E-01  6.293397397E-02 -3.318528083E-01  2.795386850E-03 
       167 -3.640580177E-01  6.372704357E-02 -7.490407992E-01  8.469901165E-02 
       168  8.980670571E-02  6.449551880E-02 -3.383368120E-01  2.316775262E-03 
       169 -3.535470665E-01  6.549237669E-02 -7.338960832E-01  7.809995350E-02 
       170  7.499026507E-02  6.600718200E-02 -3.451670317E-01  1.781604363E-03 
       171 -3.427099586E-01  6.716491282E-02 -7.185428474E-01  7.200506458E-02 
       172  6.009799615E-02  6.746350229E-02 -3.523611403E-01  1.185648902E-03 
       173 -3.315572143E-01  6.874091923E-02 -7.030472265E-01  6.635700134E-02 
       174  4.514352977E-02  6.885892153E-02 -3.599250057E-01  5.239406306E-04 
       175  3.014061600E-02  7.018789649E-02 -3.678724757E-01  3.848204583E-04 
       176 -3.200992048E-01  7.021684945E-02 -6.874649994E-01  6.110796385E-02 
       177  1.510309801E-02  7.144483924E-02 -3.762180384E-01  1.017861278E-03 
       178 -3.083465099E-01  7.158929110E-02 -6.718490175E-01  5.621708305E-02 
       179  4.489277853E-05  7.262428105E-02 -3.849658981E-01  1.909197801E-03 
       180 -2.963101566E-01  7.285507023E-02 -6.562452390E-01  5.164968071E-02 
       181 -1.502013020E-02  7.372087240E-02 -3.941286398E-01  2.892866602E-03 
       182 -2.840012908E-01  7.401116192E-02 -6.406944960E-01  4.737633397E-02 
       183 -3.007778712E-02  7.472943515E-02 -4.037116192E-01  3.974326177E-03 
       184 -2.714315355E-01  7.505487651E-02 -6.252348793E-01  4.337253126E-02 
       185 -4.511399940E-02  7.564499229E-02 -4.137181555E-01  5.158932522E-03 
       186 -2.586126029E-01  7.598371804E-02 -6.099016486E-01  3.961718099E-02 
       187 -6.011467054E-02  7.646284997E-02 -4.241502927E-01  6.452860866E-03 
       188 -2.455565929E-01  7.679554820E-02 -5.947282833E-01  3.609262929E-02 
       189 -7.506570965E-02  7.717871666E-02 -4.350077136E-01  7.862221332E-03 
       190 -2.322757840E-01  7.748860121E-02 -5.797464777E-01  3.278405592E-02 
       191 -8.995304257E-02  7.778854668E-02 -4.462875837E-01  9.393217395E-03 
       192 -2.187826931E-01  7.806141675E-02 -5.649861653E-01  2.967836682E-02 
       193 -1.047626361E-01  7.828876376E-02 -4.579848914E-01  1.105239871E-02 
       194 -2.050900757E-01  7.851301134E-02 -5.504755579E-01  2.676470141E-02 
       195 -1.194805130E-01  7.867614925E-02 -4.700923752E-01  1.284550412E-02 
       196 -1.912108362E-01  7.884284109E-02 -5.362401048E-01  2.403341869E-02 
       197 -1.340927631E-01  7.894808054E-02 -4.825969421E-01  1.477844135E-02 
       198 -1.771581173E-01  7.905066013E-02 -5.222979114E-01  2.147811273E-02 
       199 -1.485855579E-01  7.910224050E-02 -4.954789845E-01  1.685866765E-02 
       200 -1.629452109E-01  7.913686335E-02 -5.087065980E-01  1.909034203E-02 
